,PRESSURE_T1,PRESSURE_T2,PRESSURE_T3,PRESSURE_T4,PRESSURE_T5,PRESSURE_T6,PRESSURE_T7,PRESSURE_J280,PRESSURE_J269,PRESSURE_J300,PRESSURE_J256,PRESSURE_J289,PRESSURE_J415,PRESSURE_J302,PRESSURE_J306,PRESSURE_J307,PRESSURE_J317,PRESSURE_J14,PRESSURE_J422,FLOW_PU1,FLOW_PU2,FLOW_PU3,FLOW_PU4,FLOW_PU5,FLOW_PU6,FLOW_PU7,FLOW_PU8,FLOW_PU9,FLOW_PU10,FLOW_PU11,FLOW_V2,STATUS_PU1,STATUS_PU2,STATUS_PU3,STATUS_PU4,STATUS_PU5,STATUS_PU6,STATUS_PU7,STATUS_PU8,STATUS_PU9,STATUS_PU10,STATUS_PU11,STATUS_V2
0,0.9032,2.1767,3.4944,3.0966,4.5,5.1778,1.0706,2.9741,33.5693,27.9437,89.1785,28.0526,61.8184,21.98537254333496,97.12179565429688,21.82726287841797,68.62139129638672,30.4813,29.5813,98.8816,98.9012,0.0,35.5003,0.0,0.0,3.0856,25.98655891418457,0.0,31.712785720825195,0.0,74.7815,1.0,1.0,0.0,1.0,0.0,0.0,1.0,1.0,0.0,1.0,0.0,1.0
1,0.8818,2.2722,3.617,2.7006,4.5,5.1929,1.0466,2.9741,33.564,27.9765,89.2677,28.0851,61.8229,21.9796085357666,97.09923553466797,21.820648193359375,68.61570739746094,30.5159,29.6159,98.8914,98.911,0.0,35.4679,0.0,0.0,3.8869,25.999605178833008,0.0,31.714235305786133,0.0,74.378,1.0,1.0,0.0,1.0,0.0,0.0,1.0,1.0,0.0,1.0,0.0,1.0
2,0.8609,2.3651,3.7394,2.3101,4.5,5.2076,1.023,2.9744,33.9234,28.2834,89.0306,28.3942,62.9187,22.67963409423828,99.7734375,22.61005973815918,69.28873443603516,30.8067,29.9067,98.2266,98.2461,0.0,35.7789,0.0,0.0,0.0,24.392194747924805,0.0,31.5350284576416,0.0,74.6145,1.0,1.0,0.0,1.0,0.0,0.0,0.0,1.0,0.0,1.0,0.0,1.0
3,0.857,2.4583,3.8584,2.0071,4.5,5.2585,1.1287,2.9743,33.8122,26.8476,88.5813,26.915,84.8441,22.66442108154297,99.71692657470703,22.593294143676758,69.2745361328125,29.8051,28.9051,98.4325,98.45200000000001,0.0,35.2126,0.0,49.7225,0.0,24.427364349365234,0.0,31.538999557495117,0.0,82.0588,1.0,1.0,0.0,1.0,0.0,1.0,0.0,1.0,0.0,1.0,0.0,1.0
4,0.8456,2.4507,3.9743,2.0873,4.5,5.3096,1.2336,2.9743,33.806,26.8414,88.6527,26.9086,84.9003,22.665082931518555,99.71941375732422,22.59406280517578,69.27519226074219,29.7976,28.8976,98.444,98.4635,0.0,35.1676,0.0,49.6901,0.0,24.425756454467773,0.0,31.5388240814209,0.0,82.0361,1.0,1.0,0.0,1.0,0.0,1.0,0.0,1.0,0.0,1.0,0.0,1.0
5,0.8342,2.4432,4.09,2.1672,4.5,5.3609,1.3378,2.9743,33.7998,26.8353,88.7239,26.9023,84.9565,22.6657772064209,99.72201538085938,22.594863891601562,69.27586364746094,29.7903,28.8903,98.4554,98.4749,0.0,35.1227,0.0,49.6577,0.0,24.424083709716797,0.0,31.53864097595215,0.0,82.0129,1.0,1.0,0.0,1.0,0.0,1.0,0.0,1.0,0.0,1.0,0.0,1.0
6,0.823,2.4359,4.2053,2.2469,4.5,5.4124,1.4411,2.9748,34.3385,26.8608,89.5183,26.9268,86.9085,23.857284545898438,103.90650177001953,23.86217498779297,70.36646270751953,29.8198,28.9198,97.4569,97.4761,0.0,34.6726,0.0,48.6425,0.0,21.63064956665039,0.0,31.215639114379883,0.0,85.6509,1.0,1.0,0.0,1.0,0.0,1.0,0.0,1.0,0.0,1.0,0.0,1.0
7,0.8366,2.4421,4.3263,2.4119,4.5,5.4788,1.6045,2.9748,34.3457,26.869,89.5969,26.9348,87.0259,23.87225341796875,103.95574188232422,23.8774471282959,70.37997436523438,29.826999999999998,28.927,97.4434,97.4626,0.0,34.6311,0.0,48.5839,0.0,21.595317840576172,0.0,31.211397171020508,0.0,85.6909,1.0,1.0,0.0,1.0,0.0,1.0,0.0,1.0,0.0,1.0,0.0,1.0
8,0.851,2.4488,4.447,2.5764,4.5,5.5,1.8136,2.9748,34.3589,26.8781,89.6758,26.9438,87.14299999999999,24.169857025146484,104.91661071777344,24.17765998840332,70.64905548095703,29.8355,28.9355,97.4189,97.4381,0.0,34.5899,0.0,48.5258,0.0,20.89185905456543,0.0,31.126089096069336,0.0,85.8005,1.0,1.0,0.0,1.0,0.0,1.0,0.0,1.0,0.0,1.0,0.0,1.0
9,0.8656,2.456,4.5676,2.7404,4.5,5.5,2.044,2.9748,34.3669,26.8873,89.7546,26.9529,87.2597,24.190692901611328,104.98249816894531,24.198352813720703,70.66785430908203,29.8437,28.9437,97.4041,97.4233,0.0,34.5487,0.0,48.4679,0.0,20.84276008605957,0.0,31.120033264160156,0.0,85.84100000000002,1.0,1.0,0.0,1.0,0.0,1.0,0.0,1.0,0.0,1.0,0.0,1.0
10,0.8802,2.4635,4.6878,2.904,4.5,5.5,2.2733,2.9748,34.2941,26.9042,91.1538,26.9646,86.5788,25.043859481811523,107.52259826660156,25.008459091186523,71.43903350830078,29.8482,28.9482,97.5393,97.5586,0.0,33.7186,0.0,48.8386,0.0,18.854368209838867,0.0,30.860759735107422,0.0,85.3684,1.0,1.0,0.0,1.0,0.0,1.0,0.0,1.0,0.0,1.0,0.0,1.0
11,0.8941,2.4709,4.8182,3.0335,4.5,5.5,2.5135,2.9748,34.3018,26.9135,91.2366,26.9738,86.6733,25.06326675415039,107.57681274414062,25.026103973388672,71.4566879272461,29.8566,28.9566,97.5251,97.5443,0.0,33.6739,0.0,48.7931,0.0,18.809640884399414,0.0,30.85456085205078,0.0,85.4031,1.0,1.0,0.0,1.0,0.0,1.0,0.0,1.0,0.0,1.0,0.0,1.0
12,0.9079999999999999,2.4787,4.9484,3.1625,4.5,5.5,2.7527,2.9748,34.3095,26.9233,91.3193,26.9833,86.7672,25.082603454589844,107.63066864013672,25.043657302856445,71.47428894042969,29.8653,28.9653,97.5107,97.53,0.0,33.6293,0.0,48.7481,0.0,18.765106201171875,0.0,30.848363876342773,0.0,85.4354,1.0,1.0,0.0,1.0,0.0,1.0,0.0,1.0,0.0,1.0,0.0,1.0
13,0.9219,2.4868,5.0782,3.2912,4.5,5.5,2.9907,2.9748,34.3172,26.9333,91.402,26.9932,86.861,25.10181999206543,107.68402862548828,25.061058044433594,71.49178314208984,29.8744,28.9744,97.4963,97.5156,0.0,33.5849,0.0,48.7033,0.0,18.720882415771484,0.0,30.842191696166992,0.0,85.4655,1.0,1.0,0.0,1.0,0.0,1.0,0.0,1.0,0.0,1.0,0.0,1.0
14,0.9358,2.4953,5.2078,3.4195,4.5,5.5,3.2276,2.9749,34.4485,26.9764,92.9718,27.0316,87.3096,26.19107437133789,110.43550872802734,25.98188018798828,72.48149871826172,29.9063,29.0063,97.2525,97.2717,0.0,32.6355,0.0,48.4832,0.0,16.306119918823242,0.0,30.452974319458008,0.0,86.4307,1.0,1.0,0.0,1.0,0.0,1.0,0.0,1.0,0.0,1.0,0.0,1.0
15,0.9643,2.5651,5.2801,3.4219,4.5,5.5,3.5055,2.9753,34.9548,30.6018,76.0798,30.6018,66.5284,26.35281753540039,110.79751586914062,26.10871696472168,72.62458038330078,32.8708,31.9708,96.3098,96.3287,0.0,0.0,0.0,0.0,0.0,15.968338966369629,0.0,30.384719848632812,0.0,66.2696,1.0,1.0,0.0,0.0,0.0,0.0,0.0,1.0,0.0,1.0,0.0,1.0
16,1.0069,2.741,5.2222,3.155,4.5,5.5,3.7837,2.9754,34.9958,30.7273,76.0219,30.7273,66.2615,26.38375473022461,110.86548614501953,26.132740020751953,72.65178680419922,32.9933,32.0933,96.2335,96.2523,0.0,0.0,0.0,0.0,0.0,15.90433120727539,0.0,30.371252059936523,0.0,65.6738,1.0,1.0,0.0,0.0,0.0,0.0,0.0,1.0,0.0,1.0,0.0,1.0
17,1.0503,2.9149,5.1643,2.8881,4.5,5.5,4.0605,2.9754,35.037,30.851999999999997,75.9639,30.851999999999997,65.9946,26.414636611938477,110.93287658691406,26.15663719177246,72.6788330078125,33.115,32.215,96.1566,96.1755,0.0,0.0,0.0,0.0,0.0,15.840713500976562,0.0,30.357641220092773,0.0,65.0865,1.0,1.0,0.0,0.0,0.0,0.0,0.0,1.0,0.0,1.0,0.0,1.0
18,1.0941,3.0876,5.1063,2.6212,4.5,5.5,4.3365,2.9758,35.4567,31.1664,76.6034,31.1664,67.3654,27.04595375061035,112.21307373046875,26.632617950439453,73.19767761230469,33.4378,32.5378,95.3722,95.3908,0.0,0.0,0.0,0.0,0.0,14.60737133026123,0.0,30.029224395751953,0.0,66.7638,1.0,1.0,0.0,0.0,0.0,0.0,0.0,1.0,0.0,1.0,0.0,1.0
19,1.1499,3.2648,5.0597,2.4137,4.5,5.5,4.6849,2.9758,35.505,31.2978,76.5568,31.2978,67.158,27.07694435119629,112.27113342285156,26.655696868896484,73.22057342529297,33.5665,32.6665,95.2818,95.3004,0.0,0.0,0.0,0.0,0.0,14.550640106201172,0.0,30.009679794311523,0.0,66.2261,1.0,1.0,0.0,0.0,0.0,0.0,0.0,1.0,0.0,1.0,0.0,1.0
20,1.2089,3.4410000000000003,5.0131,2.2062,4.5,5.4956,4.978,2.9762,35.9853,31.7519,76.5102,31.7519,66.9505,30.18677520751953,113.3667221069336,30.22308349609375,58.42843246459961,34.037,33.137,94.3811,94.3994,0.0,0.0,0.0,0.0,0.0,17.23064422607422,0.0,0.0,0.0,69.4361,1.0,1.0,0.0,0.0,0.0,0.0,0.0,1.0,0.0,0.0,0.0,1.0
21,1.2935,3.6253,4.9665,1.9987,4.5,5.447,4.7364,2.9759,35.5591,29.3387,76.4636,29.2995,88.398,30.179311752319336,113.36214447021484,30.211040496826172,58.44365310668945,31.8813,30.9813,95.1805,95.1991,0.0,0.0,0.0,49.1117,0.0,17.234373092651367,0.0,0.0,0.0,83.323,1.0,1.0,0.0,0.0,0.0,1.0,0.0,1.0,0.0,0.0,0.0,1.0
22,1.3637,3.7161,4.9199,2.2066,4.5,5.3964,4.4976,2.9757,35.3656,29.3309,75.4919,29.2914,87.9512,30.128986358642578,113.3297348022461,30.128816604614258,58.55144500732422,31.8641,30.9641,95.5425,95.5612,0.0,0.0,0.0,49.3424,0.0,17.257810592651367,0.0,0.0,0.0,81.4938,1.0,1.0,0.0,0.0,0.0,1.0,0.0,1.0,0.0,0.0,0.0,1.0
23,1.425,3.8014,4.8587,2.3925,4.5,5.3472,4.2801,2.9757,35.4039,29.4112,75.4306,29.3717,88.1047,30.131105422973633,113.33109283447266,30.132259368896484,58.54680252075195,31.9432,31.0432,95.471,95.4896,0.0,0.0,0.0,49.303999999999995,0.0,17.256866455078125,0.0,0.0,0.0,81.3396,1.0,1.0,0.0,0.0,0.0,1.0,0.0,1.0,0.0,0.0,0.0,1.0
24,1.4863,3.8864,4.7974,2.5781,4.5,5.2963,4.0651,2.9758,35.4422,29.4912,75.3694,29.4518,88.2579,30.133195877075195,113.33243560791016,30.13566017150879,58.542232513427734,32.022,31.122,95.3994,95.4181,0.0,0.0,0.0,49.2657,0.0,17.25592803955078,0.0,0.0,0.0,81.1866,1.0,1.0,0.0,0.0,0.0,1.0,0.0,1.0,0.0,0.0,0.0,1.0
25,1.5477,3.9711,4.7361,2.7633,4.5,5.2435,3.8525,2.9758,35.4804,29.5711,75.3081,29.5317,88.4108,30.13526725769043,113.33375549316406,30.139020919799805,58.537723541259766,32.1007,31.2007,95.3279,95.3465,0.0,0.0,0.0,49.2274,0.0,17.25499725341797,0.0,0.0,0.0,81.035,1.0,1.0,0.0,0.0,0.0,1.0,0.0,1.0,0.0,0.0,0.0,1.0
26,1.609,4.0556,4.6749,2.9482,4.5,5.1891,3.6421,2.9756,35.2197,29.5485,75.165,29.5086,87.7716,30.13239288330078,113.33135223388672,30.133914947509766,58.544700622558594,32.0682,31.1682,95.8154,95.8341,0.0,0.0,0.0,49.5495,0.0,17.25632095336914,0.0,0.0,0.0,78.9719,1.0,1.0,0.0,0.0,0.0,1.0,0.0,1.0,0.0,0.0,0.0,1.0
27,1.6625,4.1336,4.6125,3.1029,4.5,5.1075,3.2823,2.9756,35.2537,29.6214,75.1026,29.5816,87.9019,30.134502410888672,113.33267211914062,30.137319564819336,58.54013442993164,32.14,31.24,95.7519,95.7706,0.0,0.0,0.0,49.5197,0.0,17.2553768157959,0.0,0.0,0.0,78.8171,1.0,1.0,0.0,0.0,0.0,1.0,0.0,1.0,0.0,0.0,0.0,1.0
28,1.716,4.2114,4.5501,3.2572,4.5,5.0239,2.9253,2.9756,35.2877,29.6942,75.0402,29.6544,88.0319,30.136585235595703,113.33397674560547,30.14067840576172,58.535640716552734,32.2117,31.3117,95.6884,95.7071,0.0,0.0,0.0,49.4899,0.0,17.254436492919922,0.0,0.0,0.0,78.6638,1.0,1.0,0.0,0.0,0.0,1.0,0.0,1.0,0.0,0.0,0.0,1.0
29,1.7696,4.2888,4.4877,3.4113,4.5,4.9384,2.5708,2.9757,35.3216,29.7667,74.9778,29.7269,88.1617,30.138647079467773,113.33526611328125,30.14400291442871,58.53120040893555,32.2831,31.3831,95.6249,95.6436,0.0,0.0,0.0,49.46,0.0,17.25350570678711,0.0,0.0,0.0,78.5121,1.0,1.0,0.0,0.0,0.0,1.0,0.0,1.0,0.0,0.0,0.0,1.0
30,1.8044,4.3979,4.4252,3.3884,4.5,4.9792,2.6109,2.9754,35.022,31.7776,75.1944,31.7776,67.3042,24.113460540771484,104.73468017578125,24.119516372680664,70.59567260742188,34.0079,33.1079,96.1845,96.2034,0.0,0.0,0.0,0.0,0.0,21.030439376831055,0.0,31.142120361328125,0.0,58.0965,1.0,1.0,0.0,0.0,0.0,0.0,0.0,1.0,0.0,1.0,0.0,1.0
31,1.8283,4.552,4.3668,3.1493,4.5,5.0294,2.6445,2.9754,35.0508,31.8828,75.13600000000002,31.8828,67.065,24.132537841796875,104.79537200927734,24.13851547241211,70.6128158569336,34.1101,33.2101,96.1307,96.1496,0.0,0.0,0.0,0.0,0.0,20.98560905456543,0.0,31.1365909576416,0.0,57.4467,1.0,1.0,0.0,0.0,0.0,0.0,0.0,1.0,0.0,1.0,0.0,1.0
32,1.8530000000000002,4.7041,4.3084,2.9101,4.5,5.0794,2.6782,2.9755,35.08,31.987,75.0776,31.987,66.8259,24.151988983154297,104.85711669921875,24.157854080200195,70.63029479980469,34.2115,33.3115,96.0762,96.0951,0.0,0.0,0.0,0.0,0.0,20.93990707397461,0.0,31.130937576293945,0.0,56.806999999999995,1.0,1.0,0.0,0.0,0.0,0.0,0.0,1.0,0.0,1.0,0.0,1.0
33,1.8781,4.8548,4.25,2.6710000000000003,4.5,5.1294,2.7119999999999997,2.9755,35.1095,32.0907,75.0192,32.0907,66.5868,24.17170524597168,104.91952514648438,24.17742156982422,70.64801025390625,34.3124,33.4124,96.0212,96.0401,0.0,0.0,0.0,0.0,0.0,20.893600463867188,0.0,31.125200271606445,0.0,56.1721,1.0,1.0,0.0,0.0,0.0,0.0,0.0,1.0,0.0,1.0,0.0,1.0
34,1.9039,5.0039,4.1916,2.4319,4.5,5.1792,2.7459,2.9754,35.0035,31.5123,71.8138,31.50800000000001,63.2908,24.61159896850586,106.27136993408203,24.605175018310547,71.0449447631836,33.7737,32.8737,96.219,96.2378,0.0,0.0,0.0,0.0,14.8983,19.86189842224121,0.0,30.994617462158203,0.0,60.6349,1.0,1.0,0.0,0.0,0.0,0.0,1.0,1.0,0.0,1.0,0.0,1.0
35,1.9254,5.1253,4.0963,2.0317,4.5,5.2476,2.8652,2.9754,35.0242,31.5788,71.7185,31.5743,63.1753,24.63096809387207,106.32902526855469,24.623605728149414,71.06241607666016,33.8398,32.9398,96.1804,96.1993,0.0,0.0,0.0,0.0,15.4028,19.816713333129883,0.0,30.988725662231445,0.0,60.2666,1.0,1.0,0.0,0.0,0.0,0.0,1.0,1.0,0.0,1.0,0.0,1.0
36,1.9473,5.2442,4.001,1.636,4.5,5.3161,2.9837,2.9753,34.8572,30.2785,71.6232,30.2346,83.1138,24.594072341918945,106.21922302246094,24.588563919067383,71.02925109863281,32.7615,31.8615,96.4918,96.5107,0.0,0.0,0.0,52.2329,0.0,19.902503967285156,0.0,30.999963760375977,0.0,68.8826,1.0,1.0,0.0,0.0,0.0,1.0,0.0,1.0,0.0,1.0,0.0,1.0
37,1.9598,5.2883,3.9057,1.5516,4.5,5.3847,3.1012,2.9753,34.8683,30.3161,71.5279,30.2721,83.056,24.607603073120117,106.25963592529297,24.601472854614258,71.04147338867188,32.7985,31.8985,96.4711,96.4901,0.0,0.0,0.0,52.278,0.0,19.87088966369629,0.0,30.99585723876953,0.0,68.6896,1.0,1.0,0.0,0.0,0.0,1.0,0.0,1.0,0.0,1.0,0.0,1.0
38,1.9726,5.3318,3.8104,1.4676,4.5,5.4534,3.218,2.9748,34.3152,30.2884,70.7646,30.2456,84.6451,22.776351928710938,100.13060760498047,22.716144561767578,69.37810516357422,32.745,31.845,97.5001,97.5194,0.0,0.0,0.0,51.4973,0.0,24.169139862060547,0.0,31.509645462036133,0.0,64.661,1.0,1.0,0.0,0.0,0.0,1.0,0.0,1.0,0.0,1.0,0.0,1.0
39,1.9583,5.3668,3.7088,1.5212,4.5,5.4777,3.1449,2.9748,34.3123,30.3167,70.663,30.2739,84.6921,22.769344329833984,100.10479736328125,22.708438873291016,69.37157440185547,32.7716,31.8716,97.5055,97.5248,0.0,0.0,0.0,51.4881,0.0,24.185440063476562,0.0,31.511486053466797,0.0,64.3328,1.0,1.0,0.0,0.0,0.0,1.0,0.0,1.0,0.0,1.0,0.0,1.0
40,1.9445,5.4008,3.6072,1.5748,4.5,5.5,3.0744,2.9748,34.3105,30.3446,70.5613,30.3018,84.7389,22.829456329345703,100.32601165771484,22.774755477905273,69.42780303955078,32.7979,31.8979,97.5088,97.5281,0.0,0.0,0.0,51.4789,0.0,24.04486846923828,0.0,31.49566078186035,0.0,64.0255,1.0,1.0,0.0,0.0,0.0,1.0,0.0,1.0,0.0,1.0,0.0,1.0
41,1.9313,5.4341,3.5055,1.6283,4.5,5.5,3.0292,2.9748,34.3079,30.3717,70.4597,30.329,84.7855,22.822145462036133,100.29920196533203,22.766740798950195,69.42100524902344,32.8235,31.9235,97.5136,97.5329,0.0,0.0,0.0,51.4694,0.0,24.06190299987793,0.0,31.497591018676758,0.0,63.7107,1.0,1.0,0.0,0.0,0.0,1.0,0.0,1.0,0.0,1.0,0.0,1.0
42,1.9185,5.4666,3.4039,1.6817,4.5,5.5,2.9841,2.9751,34.6894,30.4409,70.7006,30.3975,84.037,23.37363052368164,102.26974487304688,23.3603458404541,69.92764282226562,32.9064,32.0064,96.8045,96.8235,0.0,0.0,0.0,51.8669,0.0,22.770801544189453,0.0,31.349803924560547,0.0,65.9513,1.0,1.0,0.0,0.0,0.0,1.0,0.0,1.0,0.0,1.0,0.0,1.0
43,1.9232,5.5039,3.3055,1.6818,4.5,5.5,2.9868,2.9768,36.6038,28.4328,70.6021,28.3906,83.5469,24.06767463684082,104.58766174316406,24.07407569885254,70.55304718017578,39.5468,29.8158,93.2167,93.2347,0.0,0.0,0.0,51.125,0.0,21.139663696289062,0.0,31.15501594543457,0.0,0.0,1.0,1.0,0.0,0.0,0.0,1.0,0.0,1.0,0.0,1.0,0.0,0.0
44,1.9964,5.3682,3.2071,1.6756,4.5,5.5,2.9965,2.9768,36.6425,28.3007,70.5037,28.2585,83.5099,24.10163688659668,104.69619750976562,24.10799217224121,70.58353424072266,39.6086,29.6834,93.1437,93.1617,0.0,0.0,0.0,51.0779,0.0,21.05990219116211,0.0,31.145191192626953,0.0,0.0,1.0,1.0,0.0,0.0,0.0,1.0,0.0,1.0,0.0,1.0,0.0,0.0
45,2.0693,5.2327,3.1086,1.6689,4.5,5.5,3.0065,2.9769,36.681,28.1687,70.4053,28.1266,83.4724,24.1354923248291,104.8039321899414,24.141704559326172,70.61392211914062,39.6702,29.551,93.0709,93.0889,0.0,0.0,0.0,51.0311,0.0,20.980419158935547,0.0,31.1353702545166,0.0,0.0,1.0,1.0,0.0,0.0,0.0,1.0,0.0,1.0,0.0,1.0,0.0,0.0
46,2.142,5.0973,3.0102,1.6619,4.5,5.5,3.0167,2.9769,36.6892,28.1011,71.5978,28.0604,85.2189,25.312461853027344,108.25225067138672,25.247390747070312,71.67820739746094,39.7307,29.4771,93.0554,93.0733,0.0,0.0,0.0,50.1186,0.0,18.249929428100586,0.0,30.771528244018555,0.0,0.0,1.0,1.0,0.0,0.0,0.0,1.0,0.0,1.0,0.0,1.0,0.0,0.0
47,2.2158,4.9643,2.9247,1.7621,4.5,5.5,3.0229,2.9769,36.7283,24.7781,88.3034,24.8409,84.3855,25.343835830688477,108.33589172363281,25.274986267089844,71.70665740966797,39.7931,26.5436,92.9817,92.9996,0.0,34.1565,0.0,48.8755,0.0,18.178939819335938,0.0,30.76099967956543,0.0,0.0,1.0,1.0,0.0,1.0,0.0,1.0,0.0,1.0,0.0,1.0,0.0,0.0
48,2.2894,4.744,3.0469,1.8519,4.5,5.5,3.0294,2.9769,36.7673,24.5841,88.3054,24.6464,84.3951,25.374977111816406,108.41848754882812,25.30228042602539,71.73490905761719,39.8553,26.3465,92.90799999999999,92.926,0.0,34.0386,0.0,48.7668,0.0,18.10858917236328,0.0,30.75048828125,0.0,0.0,1.0,1.0,0.0,1.0,0.0,1.0,0.0,1.0,0.0,1.0,0.0,0.0
49,2.3629,4.5242,3.1684,1.9407,4.5,5.5,3.0362,2.977,36.8061,24.3906,88.3072,24.4524,84.4041,25.405960083007812,108.50023651123047,25.329336166381836,71.76301574707031,39.9174,26.15,92.8346,92.8525,0.0,33.9207,0.0,48.6583,0.0,18.038724899291992,0.0,30.739973068237305,0.0,0.0,1.0,1.0,0.0,1.0,0.0,1.0,0.0,1.0,0.0,1.0,0.0,0.0
50,2.4361,4.3051,3.2891,2.0286,4.5,5.5,3.0433,2.9765,36.2307,24.0925,88.572,24.1509,82.0969,24.919696807861328,107.16764831542969,24.89332389831543,71.3218002319336,39.3048,25.8576,93.9196,93.9378,0.0,33.5783,0.0,49.7137,0.0,19.14942741394043,0.0,30.898887634277344,0.0,0.0,1.0,1.0,0.0,1.0,0.0,1.0,0.0,1.0,0.0,1.0,0.0,0.0
51,2.4943,4.0841,3.4112,1.9236,4.5,5.5,3.0295,2.9765,36.2621,23.8906,88.5697,23.9484,81.9703,24.944772720336914,107.23886108398438,24.9163875579834,71.34444427490234,39.3548,25.6533,93.8606,93.8788,0.0,33.4559,0.0,49.6745,0.0,19.091644287109375,0.0,30.890947341918945,0.0,0.0,1.0,1.0,0.0,1.0,0.0,1.0,0.0,1.0,0.0,1.0,0.0,0.0
52,2.5524,3.8636,3.5326,1.8183,4.5,5.5,3.0161,2.9765,36.2933,23.6891,88.5671,23.7463,81.844,24.969736099243164,107.3094711303711,24.939285278320312,71.36698913574219,39.4046,25.4494,93.8018,93.8199,0.0,33.3335,0.0,49.6352,0.0,19.034181594848633,0.0,30.883014678955078,0.0,0.0,1.0,1.0,0.0,1.0,0.0,1.0,0.0,1.0,0.0,1.0,0.0,0.0
53,2.6104,3.6434,3.6533,1.7128,4.5,5.5,3.0029,2.9765,36.3246,23.4879,88.5642,23.5445,81.7175,24.994609832763672,107.37956237792969,24.962038040161133,71.38946533203125,39.4544,25.2458,93.743,93.7612,0.0,33.2108,0.0,49.5961,0.0,18.97698402404785,0.0,30.87508773803711,0.0,0.0,1.0,1.0,0.0,1.0,0.0,1.0,0.0,1.0,0.0,1.0,0.0,0.0
54,2.6682,3.4237,3.7733,1.6069,4.5,5.5,2.9901,2.9779,37.8807,23.372,88.6337,23.4291,83.1249,25.433258056640625,108.57063293457031,25.35322380065918,71.78604125976562,41.1797,25.1196,90.7959,90.8132,0.0,33.0957,0.0,48.795,0.0,17.97969627380371,0.0,30.730072021484375,0.0,0.0,1.0,1.0,0.0,1.0,0.0,1.0,0.0,1.0,0.0,1.0,0.0,0.0
55,2.7591,3.2065,3.8929,1.6492,4.5,5.5,3.0097,2.9779,37.928000000000004,23.1792,88.6333,23.2358,83.1044,25.471603393554688,108.67074584960938,25.386472702026367,71.82083129882812,41.2552,24.924,90.7059,90.7232,0.0,32.9757,0.0,48.7027,0.0,17.893558502197266,0.0,30.716903686523438,0.0,0.0,1.0,1.0,0.0,1.0,0.0,1.0,0.0,1.0,0.0,1.0,0.0,0.0
56,2.8499,2.9898,4.012,1.6909999999999998,4.5,5.5,3.0295,2.978,37.9751,22.9868,88.6327,23.0429,83.0834,25.50967025756836,108.76947021484375,25.419330596923828,71.8553695678711,41.3305,24.7287,90.6161,90.6333,0.0,32.8556,0.0,48.6107,0.0,17.808252334594727,0.0,30.7037353515625,0.0,0.0,1.0,1.0,0.0,1.0,0.0,1.0,0.0,1.0,0.0,1.0,0.0,0.0
57,2.9405,2.7736,4.1303,1.732,4.5,5.5,3.0496,2.978,38.0222,22.7948,88.6319,22.8505,83.0617,25.547452926635742,108.8668212890625,25.451791763305664,71.8896484375,41.4057,24.534000000000002,90.5264,90.5436,0.0,32.7354,0.0,48.519,0.0,17.723791122436523,0.0,30.69057273864746,0.0,0.0,1.0,1.0,0.0,1.0,0.0,1.0,0.0,1.0,0.0,1.0,0.0,0.0
58,3.0309,2.5579,4.2479,1.7722,4.5,5.5,3.07,2.9769,36.7705,22.5236,87.6028,22.5818,82.7896,23.830713272094727,103.81685638427734,23.834962844848633,70.33905029296875,40.0152,24.2702,92.9019,92.9198,0.0,33.209,0.0,48.5208,0.0,21.69784164428711,0.0,31.22249412536621,0.0,0.0,1.0,1.0,0.0,1.0,0.0,1.0,0.0,1.0,0.0,1.0,0.0,0.0
59,3.0905,2.3409999999999997,4.356,1.7957,4.5,5.5,3.1286,2.977,36.8028,22.3303,87.6001,22.3879,82.7562,23.861927032470703,103.91960144042969,23.866777420043945,70.36712646484375,40.0666,24.0741,92.8409,92.8588,0.0,33.0906,0.0,48.4344,0.0,21.62441062927246,0.0,31.213647842407227,0.0,0.0,1.0,1.0,0.0,1.0,0.0,1.0,0.0,1.0,0.0,1.0,0.0,0.0
60,3.15,2.1247,4.4634,1.8185,4.5,5.5,3.1872,2.977,36.835,22.1374,87.5973,22.1945,82.7225,23.893102645874023,104.02184295654297,23.89847183227539,70.39515686035156,40.118,23.8785,92.78,92.7979,0.0,32.9721,0.0,48.3482,0.0,21.55106544494629,0.0,31.204790115356445,0.0,0.0,1.0,1.0,0.0,1.0,0.0,1.0,0.0,1.0,0.0,1.0,0.0,0.0
61,3.2093,1.9089,4.5701,1.8406,4.5,5.5,3.2457,2.977,36.8672,21.945,87.5943,22.0016,82.6883,23.924264907836914,104.12366485595703,23.930076599121094,70.42317199707031,40.1692,23.6833,92.7192,92.7371,0.0,32.8535,0.0,48.2622,0.0,21.477766036987305,0.0,31.195913314819336,0.0,0.0,1.0,1.0,0.0,1.0,0.0,1.0,0.0,1.0,0.0,1.0,0.0,0.0
62,3.2685,1.6936,4.676,1.8619,4.5,5.5,3.3043,2.9778,37.7188,21.7018,87.0851,21.7592,82.3051,25.117223739624023,107.72090148925781,25.074161529541016,71.49906158447266,41.137,23.4435,91.1042,91.1216,0.0,33.0199,0.0,48.3385,0.0,18.696456909179688,0.0,30.835216522216797,0.0,0.0,1.0,1.0,0.0,1.0,0.0,1.0,0.0,1.0,0.0,1.0,0.0,0.0
63,3.3476,1.4777,4.7766,1.8556,4.5,5.5,3.4142,2.9778,37.7609,21.5082,87.0805,21.5651,82.2517,25.15760612487793,107.83202362060547,25.11050033569336,71.53565979003906,41.2041,23.2473,91.0241,91.0415,0.0,32.9018,0.0,48.2622,0.0,18.604093551635742,0.0,30.822071075439453,0.0,0.0,1.0,1.0,0.0,1.0,0.0,1.0,0.0,1.0,0.0,1.0,0.0,0.0
64,3.4265,1.2623,4.8765,1.8486,4.5,5.5,3.5239999999999996,2.9778,37.8029,21.315,87.0757,21.3714,82.1978,25.197711944580078,107.9416732788086,25.146427154541016,71.572021484375,41.271,23.0514,90.9442,90.9616,0.0,32.7835,0.0,48.1863,0.0,18.512537002563477,0.0,30.808935165405273,0.0,0.0,1.0,1.0,0.0,1.0,0.0,1.0,0.0,1.0,0.0,1.0,0.0,0.0
65,3.5052,1.0475,4.9757,1.8411,4.5,5.5,3.6336,2.9779,37.8448,21.1223,87.0707,21.1781,82.1436,25.237539291381836,108.04985046386719,25.181936264038086,71.60813903808594,41.3379,22.8561,90.8644,90.8818,0.0,32.6652,0.0,48.1106,0.0,18.421796798706055,0.0,30.795812606811523,0.0,0.0,1.0,1.0,0.0,1.0,0.0,1.0,0.0,1.0,0.0,1.0,0.0,0.0
66,3.5837,0.8331,5.0742,1.8328,4.5,5.5,3.7430000000000003,2.9777,37.6398,21.0555,88.0244,21.1089,83.2689,25.7216796875,109.30870056152344,25.59978485107422,72.04885864257812,41.1474,22.7724,91.2544,91.2719,0.0,32.0131,0.0,47.4523,0.0,17.33493423461914,0.0,30.629030227661133,0.0,0.0,1.0,1.0,0.0,1.0,0.0,1.0,0.0,1.0,0.0,1.0,0.0,0.0
67,3.6576,0.6222,5.1807,1.9038,4.5,5.5,3.7981,2.9777,37.6792,20.8694,88.0218,20.9223,83.26700000000002,25.753677368164062,109.38816833496094,25.6265869140625,72.07786560058594,41.2101,22.5835,91.1796,91.197,0.0,31.8943,0.0,47.3493,0.0,17.26444435119629,0.0,30.617393493652344,0.0,0.0,1.0,1.0,0.0,1.0,0.0,1.0,0.0,1.0,0.0,1.0,0.0,0.0
68,3.7312,0.4121,5.2863,1.9736,4.5,5.5,3.8534,2.9755,35.1424,25.3719,89.7744,25.4314,84.5826,24.931106567382812,107.2009506225586,24.90444564819336,71.33258819580078,28.4769,27.5769,95.9597,95.9785,0.0,33.6254,0.0,49.0839,0.0,19.12154197692871,0.0,30.895395278930664,0.0,108.5006,1.0,1.0,0.0,1.0,0.0,1.0,0.0,1.0,0.0,1.0,0.0,1.0
69,3.6897,0.4804,5.4026,2.0583,4.5,5.5,3.8996,2.9756,35.2628,27.1457,73.7405,27.1056,85.1113,24.983585357666016,107.34944915771484,24.952592849731445,71.38002014160156,29.8047,28.9047,95.7349,95.7537,0.0,0.0,0.0,49.6829,0.0,19.000661849975586,0.0,30.878740310668945,0.0,100.3679,1.0,1.0,0.0,0.0,0.0,1.0,0.0,1.0,0.0,1.0,0.0,1.0
70,3.6571,0.6149,5.3145,2.1481,4.5,5.5,3.946,2.9754,35.0643,27.1512,72.932,27.1107,84.5942,23.345300674438477,102.17134857177734,23.33160972595215,69.90132904052734,29.8004,28.9004,96.1056,96.1245,0.0,0.0,0.0,49.9522,0.0,22.8367919921875,0.0,31.357250213623047,0.0,98.7239,1.0,1.0,0.0,0.0,0.0,1.0,0.0,1.0,0.0,1.0,0.0,1.0
71,3.6159,0.7443,5.2191,2.2061,4.5,5.5,4.0838,2.9754,35.0543,27.2341,72.8367,27.1936,84.6589,23.34206771850586,102.16012573242188,23.32823944091797,69.89844512939453,29.8784,28.9784,96.1243,96.1432,0.0,0.0,0.0,49.9615,0.0,22.844257354736328,0.0,31.358131408691406,0.0,98.0174,1.0,1.0,0.0,0.0,0.0,1.0,0.0,1.0,0.0,1.0,0.0,1.0
72,3.5756,0.8719,5.1238,2.2642,4.5,5.5,4.2209,2.9754,35.0446,27.316,72.7413,27.2756,84.7234,23.33905601501465,102.14968872070312,23.32509994506836,69.89575958251953,29.9556,29.0556,96.1424,96.1613,0.0,0.0,0.0,49.9704,0.0,22.851215362548828,0.0,31.358951568603516,0.0,97.31700000000001,1.0,1.0,0.0,0.0,0.0,1.0,0.0,1.0,0.0,1.0,0.0,1.0
73,3.5361,0.9975,5.0285,2.3223,4.5,5.5,4.3571,2.9754,35.0352,27.3971,72.646,27.3566,84.7877,23.336217880249023,102.13983917236328,23.322145462036133,69.89323425292969,30.0319,29.1319,96.1599,96.1788,0.0,0.0,0.0,49.979,0.0,22.85776138305664,0.0,31.359725952148438,0.0,96.6228,1.0,1.0,0.0,0.0,0.0,1.0,0.0,1.0,0.0,1.0,0.0,1.0
74,3.4976,1.1213,4.9331,2.3806,4.5,5.5,4.4926,2.9754,35.0127,27.4727,72.8447,27.4321,84.7431,23.789527893066406,103.68251037597656,23.794294357299805,70.30388641357422,30.1031,29.2031,96.2019,96.2208,0.0,0.0,0.0,50.0406,0.0,21.79070281982422,0.0,31.23430061340332,0.0,95.9199,1.0,1.0,0.0,0.0,0.0,1.0,0.0,1.0,0.0,1.0,0.0,1.0
75,3.4603,1.2429999999999999,4.8407,2.4325,4.5,5.5,4.6328,2.9754,35.004,27.5519,72.7523,27.5113,84.8024,23.787202835083008,103.67485809326172,23.791963577270508,70.30184936523438,30.1777,29.2777,96.2181,96.2369,0.0,0.0,0.0,50.0508,0.0,21.796051025390625,0.0,31.234960556030273,0.0,95.2401,1.0,1.0,0.0,0.0,0.0,1.0,0.0,1.0,0.0,1.0,0.0,1.0
76,3.4239,1.3630000000000002,4.7482,2.4846,4.5,5.5,4.7723,2.9754,34.9957,27.6301,72.6598,27.5895,84.8614,23.78512191772461,103.66801452636719,23.789880752563477,70.30001831054688,30.2514,29.3514,96.2336,96.2525,0.0,0.0,0.0,50.0606,0.0,21.800823211669922,0.0,31.235551834106445,0.0,94.5665,1.0,1.0,0.0,0.0,0.0,1.0,0.0,1.0,0.0,1.0,0.0,1.0
77,3.4149,1.4838,4.6558,2.537,4.5,5.4306,4.4601,2.9755,35.1744,27.8001,72.5674,27.7595,84.9451,30.055044174194336,113.27745056152344,30.0050048828125,58.725830078125,30.4276,29.5276,95.9,95.9188,0.0,0.0,0.0,50.1047,0.0,17.287771224975586,0.0,0.0,0.0,95.4229,1.0,1.0,0.0,0.0,0.0,1.0,0.0,1.0,0.0,0.0,0.0,1.0
78,3.4131,1.6041,4.5633,2.5895,4.5,5.3422,4.0375,2.9754,34.9704,27.8108,72.1528,27.7695,84.1774,29.956298828125,113.20394897460938,29.837167739868164,58.9820556640625,30.4316,29.5316,96.2809,96.2998,0.0,0.0,0.0,50.4996,0.0,17.319372177124023,0.0,0.0,0.0,94.0471,1.0,1.0,0.0,0.0,0.0,1.0,0.0,1.0,0.0,0.0,0.0,1.0
79,3.3982,1.7196,4.4677,2.5864,4.5,5.2438,3.5765,2.9754,34.9691,27.8892,72.0571,27.8479,84.1941,29.95713996887207,113.20448303222656,29.83855438232422,58.97987747192383,30.5062,29.6062,96.2832,96.3021,0.0,0.0,0.0,50.5307,0.0,17.319149017333984,0.0,0.0,0.0,93.4517,1.0,1.0,0.0,0.0,0.0,1.0,0.0,1.0,0.0,0.0,0.0,1.0
80,3.384,1.8335,4.3721,2.5835,4.5,5.1433,3.1186,2.9754,34.9681,27.9668,71.9615,27.9254,84.2109,29.958009719848633,113.20504760742188,29.839984893798828,58.97764205932617,30.5801,29.6801,96.285,96.304,0.0,0.0,0.0,50.5613,0.0,17.318912506103516,0.0,0.0,0.0,92.8625,1.0,1.0,0.0,0.0,0.0,1.0,0.0,1.0,0.0,0.0,0.0,1.0
81,3.3705,1.9458,4.2765,2.5808,4.5,5.0407,2.6634,2.9754,34.9674,28.0435,71.8659,28.0021,84.2279,29.958892822265625,113.20561981201172,29.841445922851562,58.97536087036133,30.6532,29.7532,96.2864,96.3053,0.0,0.0,0.0,50.5914,0.0,17.318675994873047,0.0,0.0,0.0,92.2796,1.0,1.0,0.0,0.0,0.0,1.0,0.0,1.0,0.0,0.0,0.0,1.0
82,3.3578,2.056,4.1809,2.5785,4.5,4.9355,2.2117,2.9752,34.8432,28.0362,69.8017,27.9947,84.1475,21.8178653717041,96.4618911743164,21.633731842041016,68.4527587890625,30.6325,29.7325,96.5179,96.5369,0.0,0.0,0.0,50.6281,0.0,26.367076873779297,0.0,31.754608154296875,0.0,90.2181,1.0,1.0,0.0,0.0,0.0,1.0,0.0,1.0,0.0,1.0,0.0,1.0
83,3.3160000000000003,2.1611,4.0675,2.5697,4.5,4.9683,2.1875,2.9752,34.8322,28.1039,69.6884,28.0623,84.1574,21.80895233154297,96.42664337158203,21.6234188079834,68.4438247680664,30.6962,29.7962,96.5384,96.5574,0.0,0.0,0.0,50.6571,0.0,26.38709259033203,0.0,31.7568302154541,0.0,89.5628,1.0,1.0,0.0,0.0,0.0,1.0,0.0,1.0,0.0,1.0,0.0,1.0
84,3.2751,2.2643,3.9541,2.5612,4.5,5.0005,2.1638,2.9752,34.8215,28.1707,69.575,28.1291,84.1673,21.80023765563965,96.39216613769531,21.613330841064453,68.4350814819336,30.759,29.859,96.5584,96.5774,0.0,0.0,0.0,50.6856,0.0,26.406654357910156,0.0,31.75900650024414,0.0,88.914,1.0,1.0,0.0,0.0,0.0,1.0,0.0,1.0,0.0,1.0,0.0,1.0
85,3.2349,2.3658,3.8408,2.5529,4.5,5.0323,2.1407,2.9752,34.8111,28.2366,69.4616,28.195,84.1771,21.79169273376465,96.35834503173828,21.603435516357422,68.42649841308594,30.820999999999998,29.921,96.5778,96.5968,0.0,0.0,0.0,50.7137,0.0,26.425825119018555,0.0,31.76113510131836,0.0,88.2718,1.0,1.0,0.0,0.0,0.0,1.0,0.0,1.0,0.0,1.0,0.0,1.0
86,3.1956,2.4655,3.7274,2.5449,4.5,5.0636,2.1181,2.9747,34.2621,28.1408,68.7597,28.0989,83.7114,21.244768142700195,94.16278076171875,20.961320877075195,67.85845947265625,30.7033,29.8033,97.5987,97.618,0.0,0.0,0.0,50.8984,0.0,27.63785171508789,0.0,31.89592933654785,0.0,84.5725,1.0,1.0,0.0,0.0,0.0,1.0,0.0,1.0,0.0,1.0,0.0,1.0
87,3.139,2.5548,3.6092,2.4957,4.5,5.0793,2.0473,2.9747,34.2446,28.1963,68.6415,28.1544,83.6865,21.234676361083984,94.12179565429688,20.949321746826172,67.84762573242188,30.755,29.855,97.6311,97.6504,0.0,0.0,0.0,50.9385,0.0,27.659879684448242,0.0,31.89838981628418,0.0,83.9019,1.0,1.0,0.0,0.0,0.0,1.0,0.0,1.0,0.0,1.0,0.0,1.0
88,3.0832,2.6423,3.491,2.4468,4.5,5.0941,1.9778,2.9747,34.2275,28.2509,68.5233,28.2089,83.6617,21.22478485107422,94.08161163330078,20.93756103515625,67.83699035644531,30.8058,29.9058,97.6629,97.6822,0.0,0.0,0.0,50.9779,0.0,27.68144416809082,0.0,31.900800704956055,0.0,83.2383,1.0,1.0,0.0,0.0,0.0,1.0,0.0,1.0,0.0,1.0,0.0,1.0
89,3.0283,2.7279,3.3727,2.3983,4.5,5.1081,1.9093,2.9747,34.2106,28.3045,68.405,28.2625,83.6368,21.215068817138672,94.0421371459961,20.926002502441406,67.82653045654297,30.8557,29.9557,97.6943,97.7136,0.0,0.0,0.0,51.0169,0.0,27.702621459960938,0.0,31.903169631958008,0.0,82.5816,1.0,1.0,0.0,0.0,0.0,1.0,0.0,1.0,0.0,1.0,0.0,1.0
90,2.9743,2.8117,3.2545,2.35,4.5,5.1213,1.8419999999999999,2.9751,34.6394,28.4666,64.6958,28.4242,83.3501,21.04231071472168,93.33799743652344,20.719724655151367,67.63776397705078,31.0312,30.1312,96.8974,96.9165,0.0,0.0,0.0,51.2387,0.0,28.077537536621094,0.0,31.945104598999023,0.0,84.5325,1.0,1.0,0.0,0.0,0.0,1.0,0.0,1.0,0.0,1.0,0.0,1.0
91,2.9343,2.9,3.1097,2.2684,4.5,5.1555,1.8488,2.9751,34.6287,28.5238,64.551,28.4813,83.2992,21.037412643432617,93.31800079345703,20.713865280151367,67.63236999511719,31.0851,30.1851,96.9174,96.9364,0.0,0.0,0.0,51.292,0.0,28.088075637817383,0.0,31.946287155151367,0.0,83.9289,1.0,1.0,0.0,0.0,0.0,1.0,0.0,1.0,0.0,1.0,0.0,1.0
92,2.8953,2.9863,2.9648,2.1873,4.5,5.1894,1.8559,2.975,34.5175,27.3283,84.4462,27.4089,82.9967,21.0130615234375,93.21852111816406,20.684688568115234,67.60546112060547,30.3807,29.4806,97.1242,97.1434,0.0,37.7788,0.0,50.9108,0.0,28.140472412109375,0.0,31.952186584472656,0.0,88.3119,1.0,1.0,0.0,1.0,0.0,1.0,0.0,1.0,0.0,1.0,0.0,1.0
93,2.8515,2.9853,3.0496,2.1029,4.5,5.2229,1.8627,2.9749,34.4974,27.3272,84.5047,27.4075,82.9306,21.00626564025879,93.19075775146484,20.676546096801758,67.59793853759766,30.3778,29.4778,97.1616,97.1807,0.0,37.7469,0.0,50.94300000000001,0.0,28.15507698059082,0.0,31.95383071899414,0.0,88.0715,1.0,1.0,0.0,1.0,0.0,1.0,0.0,1.0,0.0,1.0,0.0,1.0
94,2.8081,2.9837,3.1342,2.0187,4.5,5.2561,1.8696,2.9752,34.7836,27.3766,87.6973,27.4477,84.0581,22.771472930908203,100.1119384765625,22.710216522216797,69.37242889404297,30.4058,29.5058,96.6289,96.6479,0.0,36.0205,0.0,50.3972,0.0,24.18234634399414,0.0,31.5108585357666,0.0,90.2247,1.0,1.0,0.0,1.0,0.0,1.0,0.0,1.0,0.0,1.0,0.0,1.0
95,2.7795,2.9938,3.2478,2.0452,4.5,5.2741,1.8203,2.9752,34.7711,27.3861,87.7738,27.4569,84.079,22.75975227355957,100.0687255859375,22.69733428955078,69.36152648925781,30.4132,29.5132,96.6523,96.6713,0.0,35.9827,0.0,50.3913,0.0,24.209577560424805,0.0,31.51393699645996,0.0,90.0016,1.0,1.0,0.0,1.0,0.0,1.0,0.0,1.0,0.0,1.0,0.0,1.0
96,2.7513,3.0034,3.3611,2.0716,4.5,5.2914,1.7718,2.9752,34.7586,27.3952,87.8499,27.4658,84.101,22.748140335083008,100.02587890625,22.684558868408203,69.3507080078125,30.4202,29.5202,96.6756,96.6946,0.0,35.9448,0.0,50.3847,0.0,24.236541748046875,0.0,31.516984939575195,0.0,89.7824,1.0,1.0,0.0,1.0,0.0,1.0,0.0,1.0,0.0,1.0,0.0,1.0
97,2.7234,3.0126,3.4742,2.0980000000000003,4.5,5.3081,1.7242,2.9752,34.7462,27.404,87.9258,27.4744,84.1227,22.73671531677246,99.98368835449219,22.671985626220703,69.34005737304688,30.4268,29.5268,96.6987,96.7177,0.0,35.9068,0.0,50.378,0.0,24.263065338134766,0.0,31.519981384277344,0.0,89.56700000000002,1.0,1.0,0.0,1.0,0.0,1.0,0.0,1.0,0.0,1.0,0.0,1.0
98,2.6958,3.0212,3.5871,2.1243,4.5,5.324,1.6775,2.9751,34.6324,27.4196,88.9293,27.4867,84.1386,22.403654098510742,98.73526000976562,22.301918029785156,69.02596282958984,30.4268,29.5268,96.9104,96.9295,0.0,35.3421,0.0,50.3762,0.0,25.032806396484375,0.0,31.60636329650879,0.0,88.6093,1.0,1.0,0.0,1.0,0.0,1.0,0.0,1.0,0.0,1.0,0.0,1.0
99,2.6644,3.0289,3.7074,2.1501,4.5,5.3554,1.6853,2.975,34.6184,27.427,89.0078,27.4939,84.1596,22.39415740966797,98.69917297363281,22.29126739501953,69.01692199707031,30.432,29.531999999999996,96.9364,96.9555,0.0,35.301,0.0,50.3693,0.0,25.05461311340332,0.0,31.608808517456055,0.0,88.383,1.0,1.0,0.0,1.0,0.0,1.0,0.0,1.0,0.0,1.0,0.0,1.0
100,2.6332,3.0361,3.8275,2.1759,4.5,5.3865,1.6933,2.975,34.6046,27.434,89.0861,27.5007,84.1804,22.3847599029541,98.66344451904297,22.280725479125977,69.00797271728516,30.4369,29.5369,96.9622,96.9813,0.0,35.2598,0.0,50.3622,0.0,25.0761775970459,0.0,31.611221313476562,0.0,88.1607,1.0,1.0,0.0,1.0,0.0,1.0,0.0,1.0,0.0,1.0,0.0,1.0
101,2.6024,3.0428,3.9473,2.2016,4.5,5.4174,1.7014,2.975,34.5908,27.4406,89.164,27.5071,84.20100000000002,22.375499725341797,98.62821197509766,22.27033042907715,68.99915313720703,30.4413,29.5413,96.9878,97.0069,0.0,35.2186,0.0,50.3549,0.0,25.097423553466797,0.0,31.61359977722168,0.0,87.9422,1.0,1.0,0.0,1.0,0.0,1.0,0.0,1.0,0.0,1.0,0.0,1.0
102,2.572,3.0491,4.0669,2.2273,4.5,5.4479999999999995,1.7096,2.9753,34.8643,27.4699,89.7937,27.5346,84.4805,23.849063873291016,103.8781967163086,23.853483200073242,70.35718536376953,30.4751,29.5751,96.4786,96.4976,0.0,34.8688,0.0,50.227,0.0,21.652769088745117,0.0,31.217639923095703,0.0,89.7507,1.0,1.0,0.0,1.0,0.0,1.0,0.0,1.0,0.0,1.0,0.0,1.0
103,2.5558,3.0614,4.1906,2.2693,4.5,5.5,1.8647,2.9753,34.8621,27.4824,89.8754,27.5469,84.5148,24.116008758544922,104.74420928955078,24.1237850189209,70.5986099243164,30.4861,29.5861,96.4826,96.5016,0.0,34.8282,0.0,50.2158,0.0,21.021526336669922,0.0,31.14131736755371,0.0,89.6332,1.0,1.0,0.0,1.0,0.0,1.0,0.0,1.0,0.0,1.0,0.0,1.0
104,2.5406,3.0736,4.314,2.3112,4.5,5.5,2.0734,2.9753,34.856,27.4944,89.9568,27.5587,84.5488,24.12234115600586,104.76444244384766,24.130151748657227,70.6043701171875,30.4962,29.5962,96.494,96.51299999999999,0.0,34.7875,0.0,50.2045,0.0,21.00647735595703,0.0,31.139493942260742,0.0,89.4698,1.0,1.0,0.0,1.0,0.0,1.0,0.0,1.0,0.0,1.0,0.0,1.0
105,2.5257,3.0855,4.4373,2.3531,4.5,5.5,2.2811,2.9753,34.85,27.5062,90.038,27.5703,84.5826,24.128768920898438,104.78497314453125,24.136611938476562,70.61021423339844,30.5062,29.6062,96.5053,96.5243,0.0,34.7466,0.0,50.1931,0.0,20.991209030151367,0.0,31.137638092041016,0.0,89.3093,1.0,1.0,0.0,1.0,0.0,1.0,0.0,1.0,0.0,1.0,0.0,1.0
106,2.5111,3.0971,4.5603,2.3948,4.5,5.5,2.4877,2.9754,35.0656,27.5679,91.4011,27.6289,86.2302,25.70794677734375,109.27977752685547,25.588903427124023,72.04193878173828,30.5539,29.6539,96.1031,96.12200000000001,0.0,33.9711,0.0,49.37300000000001,0.0,17.355573654174805,0.0,30.636249542236328,0.0,90.4428,1.0,1.0,0.0,1.0,0.0,1.0,0.0,1.0,0.0,1.0,0.0,1.0
107,2.5108,3.1159,4.6930000000000005,2.5198,4.5,5.5,2.7772,2.9754,35.0671,27.5873,91.4891,27.6481,86.3242,25.721847534179688,109.3145751953125,25.600597381591797,72.05465698242188,30.5714,29.6714,96.1003,96.1192,0.0,33.9297,0.0,49.3338,0.0,17.324665069580078,0.0,30.631284713745117,0.0,90.3204,1.0,1.0,0.0,1.0,0.0,1.0,0.0,1.0,0.0,1.0,0.0,1.0
108,2.5108,3.1346,4.8253,2.6445,4.5,5.5,3.065,2.9754,35.0688,27.6066,91.5768,27.6672,86.4182,25.73575782775879,109.34930419921875,25.612274169921875,72.06739044189453,30.5888,29.6888,96.0972,96.1161,0.0,33.8883,0.0,49.2946,0.0,17.293771743774414,0.0,30.626306533813477,0.0,90.2001,1.0,1.0,0.0,1.0,0.0,1.0,0.0,1.0,0.0,1.0,0.0,1.0
109,2.5109,3.1533,4.9575,2.7689,4.5,5.5,3.3518,2.9754,35.0705,27.6258,91.6644,27.6863,86.5121,25.749675750732422,109.38396453857422,25.62394142150879,72.08012390136719,30.6062,29.7062,96.094,96.1128,0.0,33.8468,0.0,49.2553,0.0,17.262893676757812,0.0,30.621305465698242,0.0,90.0815,1.0,1.0,0.0,1.0,0.0,1.0,0.0,1.0,0.0,1.0,0.0,1.0
110,2.5113,3.1718,5.0894,2.8929,4.5,5.5,3.6372,2.9758,35.4369,27.7425,93.4526,27.7993,88.9983,26.945520401000977,112.02030944824219,26.558269500732422,73.11917114257812,30.7068,29.8068,95.4092,95.4278,0.0,32.8153,0.0,47.9835,0.0,14.796857833862305,0.0,30.088205337524414,0.0,92.1438,1.0,1.0,0.0,1.0,0.0,1.0,0.0,1.0,0.0,1.0,0.0,1.0
111,2.5304,3.2019,5.2335,3.1098,4.5,5.5,3.9339999999999997,2.9758,35.4498,27.7746,93.55,27.8313,89.1558,26.961143493652344,112.05043029785156,26.569915771484375,73.13130187988281,30.737,29.837,95.385,95.4037,0.0,32.7742,0.0,47.9146,0.0,14.767463684082031,0.0,30.07909393310547,0.0,92.0679,1.0,1.0,0.0,1.0,0.0,1.0,0.0,1.0,0.0,1.0,0.0,1.0
112,2.5496,3.2321,5.3772,3.3259,4.5,5.5,4.2291,2.9759,35.5852,29.1283,76.3454,29.0903,89.7066,27.003576278686523,112.13143920898438,26.6015625,73.16362762451172,31.6821,30.7821,95.1316,95.1502,0.0,0.0,0.0,48.3006,0.0,14.688509941101074,0.0,30.053640365600586,0.0,86.0303,1.0,1.0,0.0,0.0,0.0,1.0,0.0,1.0,0.0,1.0,0.0,1.0
113,2.5787,3.3502,5.3219,3.4610000000000003,4.5,5.5,4.5238,2.9763,35.9893,31.7387,76.29,31.7387,68.6435,27.112720489501953,112.335693359375,26.68297576904297,73.24385070800781,34.0284,33.1284,94.3736,94.39200000000001,0.0,0.0,0.0,0.0,0.0,14.489209175109863,0.0,29.98440933227539,0.0,70.3109,1.0,1.0,0.0,0.0,0.0,0.0,0.0,1.0,0.0,1.0,0.0,1.0
114,2.6210000000000004,3.5367,5.2665,3.2721,4.5,5.5,4.8185,2.9767,36.5213,32.2145,76.6152,32.2145,67.8277,30.198890686035156,113.3738784790039,30.242395401000977,58.40436935424805,34.5212,33.6212,93.3723,93.3904,0.0,0.0,0.0,0.0,0.0,17.224409103393555,0.0,0.0,0.0,73.4902,1.0,1.0,0.0,0.0,0.0,0.0,0.0,1.0,0.0,0.0,0.0,1.0
115,2.6954,3.7317,5.2173,3.057,4.5,5.4482,4.5719,2.9768,36.5787,32.3621,76.5659,32.3621,67.6126,30.200756072998047,113.37493896484375,30.24534797668457,58.4007453918457,34.666,33.766,93.264,93.28200000000001,0.0,0.0,0.0,0.0,0.0,17.22344970703125,0.0,0.0,0.0,72.9775,1.0,1.0,0.0,0.0,0.0,0.0,0.0,1.0,0.0,0.0,0.0,1.0
116,2.7701,3.9251,5.1681,2.842,4.5,5.3942,4.3285,2.9768,36.6362,32.5089,76.5168,32.5089,67.3976,30.202600479125977,113.37599182128906,30.248262405395508,58.39717102050781,34.8101,33.9101,93.1554,93.1734,0.0,0.0,0.0,0.0,0.0,17.222497940063477,0.0,0.0,0.0,72.4704,1.0,1.0,0.0,0.0,0.0,0.0,0.0,1.0,0.0,0.0,0.0,1.0
117,2.8452,4.1174,5.1189,2.627,4.5,5.3386,4.0871,2.9769,36.6938,32.6552,76.4676,32.6552,67.1826,30.204421997070312,113.37702941894531,30.25113868713379,58.39365005493164,34.9537,34.0537,93.0467,93.0647,0.0,0.0,0.0,0.0,0.0,17.221553802490234,0.0,0.0,0.0,71.9664,1.0,1.0,0.0,0.0,0.0,0.0,0.0,1.0,0.0,0.0,0.0,1.0
118,2.9205,4.3084,5.0697,2.4119,4.5,5.2812,3.8482,2.9771,36.9584,32.9038,76.6348,32.9038,66.7038,30.20631217956543,113.37796783447266,30.254003524780273,58.39017868041992,35.2058,34.3058,92.5467,92.5645,0.0,0.0,0.0,0.0,0.0248,17.22055435180664,0.0,0.0,0.0,72.6215,1.0,1.0,0.0,0.0,0.0,0.0,1.0,1.0,0.0,0.0,0.0,1.0
119,3.0007,4.501,5.0243,2.1866,4.5,5.2155,3.5729,2.9771,37.0053,32.9905,76.5895,32.9905,66.7882,30.20798683166504,113.37890625,30.256637573242188,58.386985778808594,35.2921,34.3921,92.458,92.4758,0.0,0.0,0.0,0.0,1.0795,17.219680786132812,0.0,0.0,0.0,72.5151,1.0,1.0,0.0,0.0,0.0,0.0,1.0,1.0,0.0,0.0,0.0,1.0
120,3.0807,4.6903,4.9789,1.9713,4.5,5.1478,3.3002,2.9768,36.5909,30.5261,76.5441,30.4859,88.2995,30.201854705810547,113.3752670288086,30.246816635131836,58.39900207519531,33.0932,32.1932,93.2409,93.259,0.0,0.0,0.0,49.7822,0.0,17.222881317138672,0.0,0.0,0.0,86.5431,1.0,1.0,0.0,0.0,0.0,1.0,0.0,1.0,0.0,0.0,0.0,1.0
121,3.1462,4.7878,4.9336,2.1668,4.5,5.0786,3.0297,2.9768,36.6325,30.6164,76.4987,30.5762,88.4626,30.203384399414062,113.37612915039062,30.24921989440918,58.39606475830078,33.181999999999995,32.282,93.1626,93.1806,0.0,0.0,0.0,49.7447,0.0,17.222091674804688,0.0,0.0,0.0,86.3575,1.0,1.0,0.0,0.0,0.0,1.0,0.0,1.0,0.0,0.0,0.0,1.0
122,3.2117,4.885,4.8882,2.362,4.5,5.0077,2.7614,2.9764,36.1198,30.5037,75.52199999999998,30.4628,87.3535,30.15542221069336,113.34632873535156,30.171518325805664,58.494686126708984,33.0499,32.1499,94.1283,94.1466,0.0,0.0,0.0,50.2551,0.0,17.245609283447266,0.0,0.0,0.0,82.6275,1.0,1.0,0.0,0.0,0.0,1.0,0.0,1.0,0.0,0.0,0.0,1.0
123,3.2597,4.9709,4.8278,2.5096,4.5,4.9359,2.5004,2.9764,36.1522,30.5813,75.4616,30.5404,87.4806,30.15706443786621,113.34732818603516,30.174148559570312,58.491249084472656,33.126,32.226,94.0673,94.0856,0.0,0.0,0.0,50.23,0.0,17.24483299255371,0.0,0.0,0.0,82.4169,1.0,1.0,0.0,0.0,0.0,1.0,0.0,1.0,0.0,0.0,0.0,1.0
124,3.3078,5.0563,4.7675,2.657,4.5,4.8626,2.2415,2.9762,35.895,30.5331,75.4013,30.4924,87.5706,25.74793815612793,109.37590026855469,25.621551513671875,72.07528686523438,33.059,32.159,94.5507,94.5691,0.0,0.0,0.0,50.1595,0.0,17.273412704467773,0.0,30.620485305786133,0.0,79.3011,1.0,1.0,0.0,0.0,0.0,1.0,0.0,1.0,0.0,1.0,0.0,1.0
125,3.3239,5.1336,4.7071,2.8037,4.5,4.9527,2.4676,2.9762,35.911,30.5979,75.3409,30.5572,87.6933,25.765737533569336,109.42003631591797,25.636444091796875,72.09149932861328,33.1215,32.2215,94.5206,94.5389,0.0,0.0,0.0,50.1301,0.0,17.234098434448242,0.0,30.614025115966797,0.0,78.9664,1.0,1.0,0.0,0.0,0.0,1.0,0.0,1.0,0.0,1.0,0.0,1.0
126,3.3404,5.2102,4.6467,2.9502,4.5,5.0432,2.6921,2.9759,35.5858,30.5646,73.7592,30.5232,86.7455,24.951955795288086,107.2591552734375,24.923017501831055,71.35082244873047,33.0788,32.1788,95.1305,95.1491,0.0,0.0,0.0,50.5932,0.0,19.075206756591797,0.0,30.888635635375977,0.0,76.7721,1.0,1.0,0.0,0.0,0.0,1.0,0.0,1.0,0.0,1.0,0.0,1.0
127,3.3417,5.2796,4.567,3.0498,4.5,5.1077,2.7874,2.9759,35.5923,30.6198,73.6796,30.5784,86.8316,24.958757400512695,107.27845001220703,24.92928695678711,71.35700225830078,33.1317,32.2317,95.1182,95.1368,0.0,0.0,0.0,50.5776,0.0,19.0594539642334,0.0,30.886486053466797,0.0,76.3795,1.0,1.0,0.0,0.0,0.0,1.0,0.0,1.0,0.0,1.0,0.0,1.0
128,3.3436,5.3481,4.4874,3.1492,4.5,5.1723,2.8821,2.9759,35.5991,30.6744,73.5999,30.63300000000001,86.9197,24.9658203125,107.29846954345703,24.935787200927734,71.3634262084961,33.184,32.284,95.1055,95.1241,0.0,0.0,0.0,50.5607,0.0,19.04310417175293,0.0,30.884252548217773,0.0,75.9935,1.0,1.0,0.0,0.0,0.0,1.0,0.0,1.0,0.0,1.0,0.0,1.0
129,3.3458,5.4156,4.4077,3.2484,4.5,5.2369,2.9763,2.9759,35.6062,30.7285,73.5202,30.6871,87.005,24.973051071166992,107.31893157958984,24.94243621826172,71.3699951171875,33.2359,32.3359,95.0923,95.1109,0.0,0.0,0.0,50.545,0.0,19.02637481689453,0.0,30.881961822509766,0.0,75.6145,1.0,1.0,0.0,0.0,0.0,1.0,0.0,1.0,0.0,1.0,0.0,1.0
130,3.3486,5.4819,4.328,3.3476,4.5,5.3017,3.0699,2.9757,35.3692,30.701,72.8061,30.6584,85.3057,22.23070526123047,98.07376861572266,22.107494354248047,68.85956573486328,33.2051,32.3051,95.5358,95.5545,0.0,0.0,0.0,51.3759,0.0,25.42934799194336,0.0,31.65045166015625,0.0,73.9678,1.0,1.0,0.0,0.0,0.0,1.0,0.0,1.0,0.0,1.0,0.0,1.0
131,3.3343,5.5416,4.2414,3.3389,4.5,5.3684,3.1768,2.9773,37.2287,28.5131,72.7195,28.4717,84.76899999999998,22.729515075683594,99.95657348632812,22.664703369140625,69.33196258544922,40.5594,29.8921,92.0348,92.0525,0.0,0.0,0.0,50.5554,0.0,24.280792236328125,0.0,31.521560668945312,0.0,0.0,1.0,1.0,0.0,0.0,0.0,1.0,0.0,1.0,0.0,1.0,0.0,0.0
132,3.398,5.4075,4.1548,3.3232,4.5,5.4368,3.2874,2.9774,37.2632,28.3822,72.6329,28.3409,84.7254,22.76129913330078,100.07393646240234,22.699703216552734,69.36158752441406,40.6143,29.7609,91.9695,91.9872,0.0,0.0,0.0,50.5114,0.0,24.20697593688965,0.0,31.51321792602539,0.0,0.0,1.0,1.0,0.0,0.0,0.0,1.0,0.0,1.0,0.0,1.0,0.0,0.0
133,3.4616,5.2734,4.0682,3.3072,4.5,5.5,3.4033,2.9774,37.3153,28.2514,72.5463,28.2102,84.6815,23.069965362548828,101.19723510742188,23.037315368652344,69.64806365966797,40.6974,29.6298,91.8706,91.8882,0.0,0.0,0.0,50.4676,0.0,23.48455810546875,0.0,31.43132972717285,0.0,0.0,1.0,1.0,0.0,0.0,0.0,1.0,0.0,1.0,0.0,1.0,0.0,0.0
134,3.5259,5.1395,3.9816,3.2908,4.5,5.5,3.5858,2.9773,37.2459,28.1044,69.1286,28.0629,84.1832,22.890195846557617,100.54745483398438,22.842350006103516,69.4822998046875,40.6362,29.484,92.0022,92.0199,0.0,0.0,0.0,50.6444,0.0,23.90440559387207,0.0,31.47914695739746,0.0,0.0,1.0,1.0,0.0,0.0,0.0,1.0,0.0,1.0,0.0,1.0,0.0,0.0
135,3.5874,5.0051,3.8643,3.2285,4.5,5.5,3.7618,2.9774,37.2796,27.9719,69.0113,27.9305,84.1041,22.926668167114258,100.68018341064453,22.882131576538086,69.51602172851562,40.6898,29.3514,91.9384,91.956,0.0,0.0,0.0,50.6176,0.0,23.81932830810547,0.0,31.469480514526367,0.0,0.0,1.0,1.0,0.0,0.0,0.0,1.0,0.0,1.0,0.0,1.0,0.0,0.0
136,3.6488,4.8708,3.747,3.1660000000000004,4.5,5.5,3.9374,2.9774,37.3132,27.8396,68.89399999999999,27.7982,84.0252,22.963268280029297,100.81291961669922,22.921958923339844,69.5498046875,40.7433,29.2189,91.8746,91.8923,0.0,0.0,0.0,50.5908,0.0,23.733890533447266,0.0,31.459754943847656,0.0,0.0,1.0,1.0,0.0,0.0,0.0,1.0,0.0,1.0,0.0,1.0,0.0,0.0
137,3.71,4.7365,3.6297,3.1032,4.5,5.5,4.1123,2.9774,37.3468,27.7074,68.7767,27.666,83.9464,23.00001335144043,100.94571685791016,22.961851119995117,69.58367156982422,40.7968,29.0865,91.811,91.8286,0.0,0.0,0.0,50.5638,0.0,23.648048400878906,0.0,31.44997215270996,0.0,0.0,1.0,1.0,0.0,0.0,0.0,1.0,0.0,1.0,0.0,1.0,0.0,0.0
138,3.7712,4.6024,3.5124,3.0402,4.5,5.5,4.2867,2.9773,37.1674,27.5991,69.5662,27.5583,84.5306,23.384035110473633,102.304931640625,23.372211456298828,69.93482971191406,40.6319,28.9758,92.1509,92.1686,0.0,0.0,0.0,50.2135,0.0,22.748287200927734,0.0,31.346433639526367,0.0,0.0,1.0,1.0,0.0,0.0,0.0,1.0,0.0,1.0,0.0,1.0,0.0,0.0
139,3.8277,4.4691,3.4027,3.0403,4.5,5.5,4.4153,2.9773,37.1985,27.4696,69.4565,27.4288,84.4984,23.4176082611084,102.42121887207031,23.40763282775879,69.96529388427734,40.6812,28.8459,92.0922,92.1098,0.0,0.0,0.0,50.1639,0.0,22.669389724731445,0.0,31.337236404418945,0.0,0.0,1.0,1.0,0.0,0.0,0.0,1.0,0.0,1.0,0.0,1.0,0.0,0.0
140,3.8841,4.336,3.2931,3.04,4.5,5.5,4.5436,2.9773,37.2294,27.3401,69.3468,27.2994,84.4661,23.451183319091797,102.53707885742188,23.442968368530273,69.99573516845703,40.7305,28.7161,92.0335,92.0512,0.0,0.0,0.0,50.1144,0.0,22.590465545654297,0.0,31.328018188476562,0.0,0.0,1.0,1.0,0.0,0.0,0.0,1.0,0.0,1.0,0.0,1.0,0.0,0.0
141,3.9403,4.203,3.1834,3.0392,4.5,5.5,4.6714,2.9774,37.2603,27.2107,69.2372,27.1701,84.4335,23.484813690185547,102.65271759033203,23.4782772064209,70.02619934082031,40.7796,28.5864,91.9749,91.9926,0.0,0.0,0.0,50.0649,0.0,22.511388778686523,0.0,31.31875991821289,0.0,0.0,1.0,1.0,0.0,0.0,0.0,1.0,0.0,1.0,0.0,1.0,0.0,0.0
142,3.9965,4.0701,3.0737,3.0380000000000003,4.5,5.5,4.7989999999999995,2.978,38.0318,27.1099,70.7255,27.0699,85.1791,26.239490509033203,110.53883361816406,26.021060943603516,72.51612854003906,41.6991,28.4825,90.508,90.5252,0.0,0.0,0.0,49.6292,0.0,16.216140747070312,0.0,30.428956985473633,0.0,0.0,1.0,1.0,0.0,0.0,0.0,1.0,0.0,1.0,0.0,1.0,0.0,0.0
143,4.1067,3.9385,2.9787,3.0897,4.5,5.4103,4.3617,2.9787,38.8357,23.7989,87.1679,23.8629,84.3581,30.20269012451172,113.37499237060547,30.24737548828125,58.39842987060547,42.9764,25.5604,88.9705,88.9873,0.0,34.2501,0.0,48.3659,0.0,17.222064971923828,0.0,0.0,0.0,0.0,1.0,1.0,0.0,1.0,0.0,1.0,0.0,1.0,0.0,0.0,0.0,0.0
144,4.2169,3.7192,3.0919,3.1307,4.5,5.318,3.9225,2.9788,38.8931,23.604,87.1679,23.6675,84.3357,30.20496368408203,113.37625885009766,30.250946044921875,58.39407730102539,43.0675,25.3627,88.8603,88.8771,0.0,34.1333,0.0,48.2723,0.0,17.220884323120117,0.0,0.0,0.0,0.0,1.0,1.0,0.0,1.0,0.0,1.0,0.0,1.0,0.0,0.0,0.0,0.0
145,4.3268,3.5005,3.2044,3.1710000000000003,4.5,5.2236,3.4862,2.9788,38.9504,23.4096,87.1677,23.4727,84.3131,30.207195281982422,113.37750244140625,30.254446029663086,58.38982391357422,43.1584,25.1655,88.7503,88.76700000000002,0.0,34.0165,0.0,48.1787,0.0,17.219722747802734,0.0,0.0,0.0,0.0,1.0,1.0,0.0,1.0,0.0,1.0,0.0,1.0,0.0,0.0,0.0,0.0
146,4.4365,3.2824,3.3161,3.2105,4.5,5.127000000000002,3.0528,2.9788,38.8866,23.2416,88.0708,23.3007,83.7011,30.12558937072754,113.32594299316406,30.121856689453125,58.56111145019531,43.0374,24.9895,88.8726,88.8894,0.0,33.3635,0.0,48.4171,0.0,17.258708953857422,0.0,0.0,0.0,0.0,1.0,1.0,0.0,1.0,0.0,1.0,0.0,1.0,0.0,0.0,0.0,0.0
147,4.51,3.0655,3.4346,3.2046,4.5,5.0477,2.7369,2.991,26.5362,23.0472,88.0702,23.1058,83.6476,30.05244255065918,113.27531433105469,30.000394821166992,58.732601165771484,39.0583,24.7925,111.6322,0.0,0.0,33.2439,0.0,48.3407,0.0,17.28855323791504,0.0,0.0,0.0,0.0,1.0,0.0,0.0,1.0,0.0,1.0,0.0,1.0,0.0,0.0,0.0,0.0
148,4.5359,2.8492,3.5523,3.198,4.5,4.9665,2.4234,2.991,26.3126,22.8534,88.0693,22.9115,83.594,23.2221736907959,101.73767852783203,23.19927978515625,69.78668212890625,38.7951,24.596,112.0279,0.0,0.0,33.1242,0.0,48.2645,0.0,23.130273818969727,0.0,31.390487670898438,0.0,0.0,1.0,0.0,0.0,1.0,0.0,1.0,0.0,1.0,0.0,1.0,0.0,0.0
149,4.5254,2.6332,3.6695,3.1910000000000003,4.5,5.0463,2.5986,2.991,26.3042,22.6599,88.0683,22.7174,83.5398,23.22700309753418,101.75477600097656,23.204492568969727,69.79114532470703,38.7853,24.3998,112.0426,0.0,0.0,33.0043,0.0,48.1885,0.0,23.118825912475586,0.0,31.389179229736328,0.0,0.0,1.0,0.0,0.0,1.0,0.0,1.0,0.0,1.0,0.0,1.0,0.0,0.0
150,4.515,2.4177,3.786,3.1833,4.5,5.1264,2.7725,2.991,26.3088,22.6071,88.07,22.6666,86.0722,23.895423889160156,104.02859497070312,23.900306701660156,70.39633178710938,38.7889,24.3317,112.0345,0.0,0.0,32.9702,0.0,46.7503,0.0,21.547407150268555,0.0,31.204011917114258,0.0,0.0,1.0,0.0,0.0,1.0,0.0,1.0,0.0,1.0,0.0,1.0,0.0,0.0
151,4.5067,2.2062,3.9016,3.3236,4.5,5.1944,2.8845,2.991,26.3021,22.4231,88.072,22.482,86.1132,23.897991180419922,104.03703308105469,23.90294647216797,70.398681640625,38.781,24.1445,112.0463,0.0,0.0,32.8538,0.0,46.6213,0.0,21.54127311706543,0.0,31.20328712463379,0.0,0.0,1.0,0.0,0.0,1.0,0.0,1.0,0.0,1.0,0.0,1.0,0.0,0.0
152,4.4984,1.9953,4.0166,3.4628,4.5,5.2626,2.9957,2.991,26.2954,22.2395,88.0737,22.2981,86.1536,23.900562286376953,104.04549407958984,23.905595779418945,70.40103149414062,38.7731,23.9579,112.0582,0.0,0.0,32.7373,0.0,46.4925,0.0,21.535131454467773,0.0,31.202556610107422,0.0,0.0,1.0,0.0,0.0,1.0,0.0,1.0,0.0,1.0,0.0,1.0,0.0,0.0
153,4.4901,1.7851,4.1307,3.6007,4.5,5.331,3.1062,2.991,26.2888,25.7102,89.4636,25.8111,67.0613,23.903127670288086,104.05392456054688,23.908235549926758,70.40338134765625,38.7653,27.0919,112.0699,0.0,0.0,34.0193,0.0,0.0,0.0,21.529001235961914,0.0,31.20182991027832,0.0,0.0,1.0,0.0,0.0,1.0,0.0,0.0,0.0,1.0,0.0,1.0,0.0,0.0
154,4.4819,1.6949,4.2527,3.3457,4.5,5.3994,3.2161,2.9909,26.1282,25.5925,88.565,25.6959,60.8525,24.383520126342773,105.57901763916016,24.386089324951172,70.83634185791016,38.6574,26.979,112.3537,0.0,0.0,34.4863,0.0,0.0,0.0,20.398847579956055,0.0,31.062358856201172,0.0,0.0,1.0,0.0,0.0,1.0,0.0,0.0,0.0,1.0,0.0,1.0,0.0,0.0
155,4.4684,1.6034,4.3664,2.9297,4.5,5.4815,3.3911,2.9909,26.1174,25.5055,88.6051,25.6085,60.4366,24.38666343688965,105.58875274658203,24.389196395874023,70.8392333984375,38.6448,26.8912,112.3728,0.0,0.0,34.4107,0.0,0.0,0.0,20.391345977783203,0.0,31.06143569946289,0.0,0.0,1.0,0.0,0.0,1.0,0.0,0.0,0.0,1.0,0.0,1.0,0.0,0.0
156,4.456,1.5121,4.4797,2.5137,4.5,5.5,3.6308,2.9909,26.1163,25.4186,88.645,25.5212,60.0206,24.740848541259766,106.65316772460938,24.72922706604004,71.1600341796875,38.6434,26.8036,112.3748,0.0,0.0,34.3353,0.0,0.0,0.0,19.560726165771484,0.0,30.95452880859375,0.0,0.0,1.0,0.0,0.0,1.0,0.0,0.0,0.0,1.0,0.0,1.0,0.0,0.0
157,4.444,1.421,4.5926,2.0978,4.5,5.5,3.8886,2.9909,26.1068,25.331999999999997,88.6848,25.4342,59.6046,24.750486373901367,106.68143463134766,24.738332748413086,71.1688232421875,38.6324,26.7161,112.3914,0.0,0.0,34.2598,0.0,0.0,0.0,19.538148880004883,0.0,30.951574325561523,0.0,0.0,1.0,0.0,0.0,1.0,0.0,0.0,0.0,1.0,0.0,1.0,0.0,0.0
158,4.4322,1.2354,4.6979,1.9933,4.5,5.5,4.1449,2.991,26.3133,21.3634,87.0774,21.4209,83.5411,24.356971740722656,105.49834442138672,24.361318588256836,70.8130874633789,38.7597,23.0929,112.0265,0.0,0.0,32.8128,0.0,47.4745,0.0,20.458845138549805,0.0,31.070276260375977,0.0,0.0,1.0,0.0,0.0,1.0,0.0,1.0,0.0,1.0,0.0,1.0,0.0,0.0
159,4.4286,1.0223,4.7986,2.0687,4.5,5.5,4.3131,2.991,26.3106,21.1754,87.0745,21.2324,83.5421,24.365741729736328,105.52544403076172,24.36991310119629,70.82102966308594,38.7565,22.901999999999997,112.0313,0.0,0.0,32.6963,0.0,47.3688,0.0,20.438175201416016,0.0,31.067684173583984,0.0,0.0,1.0,0.0,0.0,1.0,0.0,1.0,0.0,1.0,0.0,1.0,0.0,0.0
160,4.4252,0.8098,4.8985,2.1431,4.5,5.5,4.4804,2.991,26.3079,20.9878,87.0713,21.0444,83.5415,24.37445068359375,105.55233001708984,24.37843894958496,70.82891082763672,38.7533,22.7116,112.0361,0.0,0.0,32.5798,0.0,47.263999999999996,0.0,20.417652130126953,0.0,31.065107345581055,0.0,0.0,1.0,0.0,0.0,1.0,0.0,1.0,0.0,1.0,0.0,1.0,0.0,0.0
161,4.4218,0.598,4.9978,2.2166,4.5,5.5,4.6469,2.991,26.3053,20.8009,87.0679,20.857,83.5419,24.383134841918945,105.57911682128906,24.38693618774414,70.83677673339844,38.7502,22.5218,112.0408,0.0,0.0,32.4632,0.0,47.1584,0.0,20.397186279296875,0.0,31.062536239624023,0.0,0.0,1.0,0.0,0.0,1.0,0.0,1.0,0.0,1.0,0.0,1.0,0.0,0.0
162,4.4123,0.4067,5.0969999999999995,2.2901,4.5,5.4938,4.7698,2.9903,23.842,25.099,87.9848,25.1631,83.745,30.064804077148438,113.28474426269531,30.021631240844727,58.701622009277344,28.175,27.275,116.3663,0.0,0.0,34.5377,0.0,49.383,0.0,17.28420066833496,0.0,0.0,0.0,102.1892,1.0,0.0,0.0,1.0,0.0,1.0,0.0,1.0,0.0,0.0,0.0,1.0
163,4.3199,0.4552,5.1994,2.3135,4.5,5.4103,4.3621,2.9903,23.7951,25.1316,88.0627,25.1956,83.7711,30.063262939453125,113.28357696533203,30.018997192382812,58.70545196533203,28.2028,27.3028,116.4481,0.0,0.0,34.5108,0.0,49.3863,0.0,17.2847957611084,0.0,0.0,0.0,101.5829,1.0,0.0,0.0,1.0,0.0,1.0,0.0,1.0,0.0,0.0,0.0,1.0
164,4.2284,0.5032,5.2983,2.3369999999999997,4.5,5.3246,3.9575,2.9904,24.00800000000001,26.7732,71.5966,26.7327,84.185,30.07099151611328,113.28894805908203,30.031850814819336,58.68692398071289,29.3935,28.4935,116.0765,0.0,0.0,0.0,0.0,49.9682,0.0,17.281818389892578,0.0,0.0,0.0,94.5102,1.0,0.0,0.0,0.0,0.0,1.0,0.0,1.0,0.0,0.0,0.0,1.0
165,4.1447,0.6214,5.1908,2.3653,4.5,5.2369,3.5557,2.9903,23.9728,26.8416,71.4891,26.8011,84.2238,30.06998634338379,113.28816223144531,30.03011703491211,58.6894416809082,29.4565,28.5565,116.13799999999999,0.0,0.0,0.0,0.0,49.9833,0.0,17.282215118408203,0.0,0.0,0.0,93.6965,1.0,0.0,0.0,0.0,0.0,1.0,0.0,1.0,0.0,0.0,0.0,1.0
166,4.062,0.7374,5.0833,2.3938,4.5,5.147,3.1567,2.9903,23.919,26.9002,73.2994,26.8595,84.0462,30.094324111938477,113.30501556396484,30.070560455322266,58.63198471069336,29.5103,28.6103,116.2319,0.0,0.0,0.0,0.0,50.1041,0.0,17.272565841674805,0.0,0.0,0.0,92.8584,1.0,0.0,0.0,0.0,0.0,1.0,0.0,1.0,0.0,0.0,0.0,1.0
167,3.9805,0.8505,4.9939,2.4072,4.5,5.0489,2.7278,2.9903,23.8842,26.9656,73.2101,26.9249,84.0727,30.0935115814209,113.30437469482422,30.069154739379883,58.633975982666016,29.5706,28.6706,116.2925,0.0,0.0,0.0,0.0,50.123999999999995,0.0,17.272905349731445,0.0,0.0,0.0,92.0591,1.0,0.0,0.0,0.0,0.0,1.0,0.0,1.0,0.0,0.0,0.0,1.0
168,3.8868,0.9546,4.9046,2.4204,4.5,5.022,2.5316,2.9901,23.0028,26.7375,73.1207,26.6969,84.0245,23.88283348083496,103.98983001708984,23.88777732849121,70.38883972167969,29.3015,28.4015,117.8267,0.0,0.0,0.0,0.0,50.0321,0.0,21.571744918823242,0.0,31.20832061767578,0.0,85.7821,1.0,0.0,0.0,0.0,0.0,1.0,0.0,1.0,0.0,1.0,0.0,1.0
169,3.7785,1.0495,4.8152,2.4332,4.5,5.0785,2.5997,2.9901,22.9564,26.7892,73.0314,26.7486,84.0471,23.85674285888672,103.90422058105469,23.86128044128418,70.36540985107422,29.34800000000001,28.448,117.9073,0.0,0.0,0.0,0.0,50.0469,0.0,21.633037567138672,0.0,31.215726852416992,0.0,84.9289,1.0,0.0,0.0,0.0,0.0,1.0,0.0,1.0,0.0,1.0,0.0,1.0
170,3.6714,1.1421,4.7259,2.4461,4.5,5.1349,2.6672,2.9901,23.101,26.9006,73.3214,26.8604,84.6247,23.370403289794922,102.25862884521484,23.356781005859375,69.92503356933594,29.4585,28.5585,117.6561,0.0,0.0,0.0,0.0,49.8076,0.0,22.778154373168945,0.0,31.35076141357422,0.0,85.0397,1.0,0.0,0.0,0.0,0.0,1.0,0.0,1.0,0.0,1.0,0.0,1.0
171,3.5687,1.2356,4.6405,2.4952,4.5,5.1897,2.7277,2.9901,23.0562,26.9525,73.236,26.9123,84.6747,23.346370697021484,102.17505645751953,23.331411361694336,69.90324401855469,29.5051,28.6051,117.734,0.0,0.0,0.0,0.0,49.8086,0.0,22.834491729736328,0.0,31.35732078552246,0.0,84.1917,1.0,0.0,0.0,0.0,0.0,1.0,0.0,1.0,0.0,1.0,0.0,1.0
172,3.4671,1.3268,4.5551,2.5443,4.5,5.2444,2.7878,2.9901,23.0114,27.0032,73.1507,26.963,84.7243,23.322629928588867,102.09229278564453,23.30631446838379,69.88169860839844,29.5507,28.6507,117.8117,0.0,0.0,0.0,0.0,49.8092,0.0,22.89012908935547,0.0,31.363788604736328,0.0,83.3477,1.0,0.0,0.0,0.0,0.0,1.0,0.0,1.0,0.0,1.0,0.0,1.0
173,3.3667,1.4158,4.4698,2.5934,4.5,5.2989999999999995,2.8474,2.9901,22.9669,27.0527,73.0653,27.0125,84.7735,23.299169540405273,102.01029205322266,23.281465530395508,69.86039733886719,29.5951,28.6951,117.8891,0.0,0.0,0.0,0.0,49.8093,0.0,22.945100784301758,0.0,31.37017059326172,0.0,82.5078,1.0,0.0,0.0,0.0,0.0,1.0,0.0,1.0,0.0,1.0,0.0,1.0
174,3.2673,1.5026,4.3844,2.6426,4.5,5.3534,2.9066,2.99,22.7805,27.0636,72.383,27.0233,84.7586,23.29656219482422,102.00105285644531,23.27840232849121,69.85803985595703,29.5962,28.6962,118.2125,0.0,0.0,0.0,0.0,49.8226,0.0,22.95151138305664,0.0,31.370927810668945,0.0,80.8533,1.0,0.0,0.0,0.0,0.0,1.0,0.0,1.0,0.0,1.0,0.0,1.0
175,3.1662,1.5849,4.2928,2.6883,4.5,5.3914,2.8939999999999997,2.99,22.7349,27.1091,72.2914,27.0689,84.8043,23.269241333007812,101.9052734375,23.249387741088867,69.83318328857422,29.6368,28.7368,118.2916,0.0,0.0,0.0,0.0,49.8225,0.0,23.01555061340332,0.0,31.378345489501953,0.0,80.0167,1.0,0.0,0.0,0.0,0.0,1.0,0.0,1.0,0.0,1.0,0.0,1.0
176,3.0662,1.6651,4.2013,2.734,4.5,5.428999999999999,2.8818,2.99,22.6894,27.1536,72.1998,27.1133,84.8497,23.242216110229492,101.81024169921875,23.22063446044922,69.80857849121094,29.6764,28.7764,118.3705,0.0,0.0,0.0,0.0,49.821999999999996,0.0,23.078887939453125,0.0,31.385663986206055,0.0,79.1842,1.0,0.0,0.0,0.0,0.0,1.0,0.0,1.0,0.0,1.0,0.0,1.0
177,2.9672,1.743,4.1097,2.7797,4.5,5.466,2.8698,2.99,22.6441,27.1968,72.1083,27.1566,84.8947,23.215530395507812,101.71615600585938,23.192188262939453,69.78424835205078,29.7148,28.8148,118.449,0.0,0.0,0.0,0.0,49.8211,0.0,23.14140510559082,0.0,31.39287757873535,0.0,78.3559,1.0,0.0,0.0,0.0,0.0,1.0,0.0,1.0,0.0,1.0,0.0,1.0
178,2.8695,1.8186,4.0181,2.8254,4.5,5.5,2.861,2.9896,21.2958,26.9216,69.9207,26.8808,83.8348,21.545259475708008,95.37706756591797,21.317127227783203,68.1773452758789,29.3904,28.4904,120.7777,0.0,0.0,0.0,0.0,50.2228,0.0,26.97284698486328,0.0,31.822311401367188,0.0,68.8592,1.0,0.0,0.0,0.0,0.0,1.0,0.0,1.0,0.0,1.0,0.0,1.0
179,2.7461,1.868,3.9071,2.7914,4.5,5.5,2.7634,2.9896,21.2399,26.9462,69.8097,26.9053,83.8157,21.520206451416016,95.2765121459961,21.287710189819336,68.15137481689453,29.4108,28.5108,120.8739,0.0,0.0,0.0,0.0,50.245,0.0,27.028446197509766,0.0,31.828487396240234,0.0,68.005,1.0,0.0,0.0,0.0,0.0,1.0,0.0,1.0,0.0,1.0,0.0,1.0
180,2.6239,1.9152,3.7962,2.7577,4.5,5.5,2.6658,2.9896,21.1842,26.9696,69.6987,26.9286,83.7955,21.495590209960938,95.17758178710938,21.258777618408203,68.12579345703125,29.43,28.53,120.9698,0.0,0.0,0.0,0.0,50.2671,0.0,27.083011627197266,0.0,31.834550857543945,0.0,67.1548,1.0,0.0,0.0,0.0,0.0,1.0,0.0,1.0,0.0,1.0,0.0,1.0
181,2.5028,1.96,3.6852,2.7241,4.5,5.5,2.5685,2.9896,21.1285,26.9918,69.5878,26.9508,83.7752,21.471445083618164,95.08045196533203,21.230365753173828,68.10061645507812,29.4481,28.5481,121.0655,0.0,0.0,0.0,0.0,50.2887,0.0,27.136459350585938,0.0,31.840492248535156,0.0,66.3088,1.0,0.0,0.0,0.0,0.0,1.0,0.0,1.0,0.0,1.0,0.0,1.0
182,2.383,2.002,3.5742,2.6907,4.5,5.5,2.4712,2.9897,21.529,27.0947,69.0877,27.0537,83.8365,20.72451400756836,92.03653717041016,20.336814880371094,67.27918243408203,29.5628,28.6628,120.376,0.0,0.0,0.0,0.0,50.3098,0.0,28.754899978637695,0.0,32.021785736083984,0.0,68.6033,1.0,0.0,0.0,0.0,0.0,1.0,0.0,1.0,0.0,1.0,0.0,1.0
183,2.2714,2.0506,3.46,2.6637,4.5,5.4845,2.3357,2.9897,21.4763,27.1194,68.9734,27.0784,83.822,20.712175369262695,91.98587036132812,20.321826934814453,67.26486206054688,29.5834,28.6834,120.4669,0.0,0.0,0.0,0.0,50.3297,0.0,28.780977249145508,0.0,32.02475357055664,0.0,67.7718,1.0,0.0,0.0,0.0,0.0,1.0,0.0,1.0,0.0,1.0,0.0,1.0
184,2.1609,2.0969,3.3457,2.6368,4.5,5.4679,2.2019,2.9896,21.4238,27.143,68.8591,27.101999999999997,83.8054,20.700054168701172,91.93610382080078,20.307098388671875,67.25077819824219,29.603,28.70300000000001,120.5574,0.0,0.0,0.0,0.0,50.3501,0.0,28.80656623840332,0.0,32.02766799926758,0.0,66.9463,1.0,0.0,0.0,0.0,0.0,1.0,0.0,1.0,0.0,1.0,0.0,1.0
185,2.0515,2.1409,3.2314,2.6101,4.5,5.4502,2.0697,2.9896,21.3716,27.1655,68.7449,27.1245,83.7924,20.688121795654297,91.88710021972656,20.292591094970703,67.23688507080078,29.6215,28.7215,120.6472,0.0,0.0,0.0,0.0,50.3681,0.0,28.831745147705078,0.0,32.0305290222168,0.0,66.1265,1.0,0.0,0.0,0.0,0.0,1.0,0.0,1.0,0.0,1.0,0.0,1.0
186,1.9432,2.1827,3.1172,2.5836,4.5,5.4313,1.939,2.9895,21.0217,27.1352,66.9374,27.0939,83.5313,20.83382225036621,92.48534393310547,20.469406127929688,67.40522003173828,29.5772,28.6772,121.2491,0.0,0.0,0.0,0.0,50.4847,0.0,28.52237319946289,0.0,31.995494842529297,0.0,63.1166,1.0,0.0,0.0,0.0,0.0,1.0,0.0,1.0,0.0,1.0,0.0,1.0
187,1.8305,2.2161,2.9894,2.5336,4.5,5.4324,1.8621,2.9895,20.8282,26.2158,85.3982,26.2908,83.3056,20.796852111816406,92.33372497558594,20.424715042114258,67.36300659179688,29.1121,28.2121,121.5815,0.0,0.0,36.6566,0.0,50.1918,0.0,28.60093116760254,0.0,32.004398345947266,0.0,65.5962,1.0,0.0,0.0,1.0,0.0,1.0,0.0,1.0,0.0,1.0,0.0,1.0
188,1.7154,2.1597,3.0845,2.481,4.5,5.432,1.7859,2.9895,20.7505,26.1534,85.4417,26.2281,83.2508,20.780696868896484,92.2674560546875,20.405162811279297,67.34447479248047,29.0474,28.1474,121.715,0.0,0.0,36.5979,0.0,50.1879,0.0,28.63520622253418,0.0,32.00828552246094,0.0,65.3186,1.0,0.0,0.0,1.0,0.0,1.0,0.0,1.0,0.0,1.0,0.0,1.0
189,1.6007,2.1027,3.1792,2.4285,4.5,5.4306,1.7109999999999999,2.9894,20.6728,26.0906,85.4849,26.165,83.1958,20.76479148864746,92.20218658447266,20.38589859008789,67.32618713378906,28.9822,28.0822,121.8483,0.0,0.0,36.5392,0.0,50.1837,0.0,28.668914794921875,0.0,32.012107849121094,0.0,65.0455,1.0,0.0,0.0,1.0,0.0,1.0,0.0,1.0,0.0,1.0,0.0,1.0
190,1.4865,2.0452,3.2736,2.3759,4.5,5.428,1.6371,2.9896,21.0815,26.1589,87.105,26.2281,83.1673,20.4118595123291,90.75276184082031,19.955236434936523,66.90740203857422,29.0506,28.1506,121.1464,0.0,0.0,35.6655,0.0,50.2303,0.0,29.408672332763672,0.0,32.09669876098633,0.0,67.8957,1.0,0.0,0.0,1.0,0.0,1.0,0.0,1.0,0.0,1.0,0.0,1.0
191,1.3814,1.9974,3.3819999999999997,2.3233,4.5,5.4297,1.5758,2.9895,21.0107,26.1058,87.1565,26.1747,83.1146,20.402902603149414,90.71603393554688,19.944252014160156,66.89649200439453,28.9951,28.0951,121.2681,0.0,0.0,35.6057,0.0,50.23,0.0,29.427156448364258,0.0,32.098846435546875,0.0,67.6113,1.0,0.0,0.0,1.0,0.0,1.0,0.0,1.0,0.0,1.0,0.0,1.0
192,1.2769,1.949,3.49,2.2708,4.5,5.4304,1.5155,2.9895,20.94,26.0522,87.2077,26.1208,83.0617,20.394102096557617,90.67994689941406,19.933456420898438,66.88574981689453,28.9391,28.0391,121.3895,0.0,0.0,35.5458,0.0,50.2295,0.0,29.44530487060547,0.0,32.100948333740234,0.0,67.3321,1.0,0.0,0.0,1.0,0.0,1.0,0.0,1.0,0.0,1.0,0.0,1.0
193,1.1728,1.9001,3.5977,2.2183,4.5,5.4301,1.4561,2.9895,20.8695,25.9981,87.2584,26.0663,83.0088,20.38544273376465,90.64444732666016,19.92283058166504,66.87516784667969,28.8826,27.9826,121.5107,0.0,0.0,35.4856,0.0,50.2287,0.0,29.463150024414062,0.0,32.10301971435547,0.0,67.0585,1.0,0.0,0.0,1.0,0.0,1.0,0.0,1.0,0.0,1.0,0.0,1.0
194,1.0692,1.8505,3.705,2.1657,4.5,5.428999999999999,1.3976,2.9896,21.1546,26.0822,89.4742,26.1442,84.0236,22.246734619140625,98.1368637084961,22.12603187561035,68.8783187866211,28.9535,28.0535,121.0206,0.0,0.0,34.2364,0.0,49.7482,0.0,25.388710021972656,0.0,31.646717071533203,0.0,69.4721,1.0,0.0,0.0,1.0,0.0,1.0,0.0,1.0,0.0,1.0,0.0,1.0
195,0.9768,1.8119,3.8298,2.2005,4.5,5.4633,1.4377,2.9742,33.6419,26.2297,89.6076,26.2916,84.0875,22.86979866027832,100.47396850585938,22.818756103515625,69.4660873413086,29.195999999999998,28.296,98.7474,98.76700000000001,0.0,34.2447,0.0,49.7913,0.0,23.950029373168945,0.0,31.485164642333984,0.0,85.9689,1.0,1.0,0.0,1.0,0.0,1.0,0.0,1.0,0.0,1.0,0.0,1.0
196,0.9540000000000001,1.8171,3.9547,2.2356,4.5,5.5,1.4825,2.9742,33.6345,26.2354,89.6869,26.296999999999997,84.1151,22.99132537841797,100.91586303710938,22.951704025268555,69.57901763916016,29.2,28.3,98.7611,98.7807,0.0,34.2007,0.0,49.7799,0.0,23.66500473022461,0.0,31.452926635742188,0.0,85.8356,1.0,1.0,0.0,1.0,0.0,1.0,0.0,1.0,0.0,1.0,0.0,1.0
197,0.9319,1.8219999999999998,4.0793,2.2706,4.5,5.5,1.5668,2.9742,33.6246,26.2407,89.7658,26.3021,84.1423,22.987728118896484,100.90290069580078,22.94784164428711,69.57572937011719,29.2035,28.3035,98.7794,98.79899999999999,0.0,34.1565,0.0,49.7685,0.0,23.673330307006836,0.0,31.45388412475586,0.0,85.6723,1.0,1.0,0.0,1.0,0.0,1.0,0.0,1.0,0.0,1.0,0.0,1.0
198,0.9101,1.8266,4.2037,2.3055,4.5,5.5,1.6506,2.9745,33.9559,26.2579,90.0481,26.3182,83.8246,23.967817306518555,104.26886749267578,23.975311279296875,70.4670639038086,29.2332,28.3332,98.1664,98.1859,0.0,33.9971,0.0,49.9404,0.0,21.367733001708984,0.0,31.18427848815918,0.0,87.7668,1.0,1.0,0.0,1.0,0.0,1.0,0.0,1.0,0.0,1.0,0.0,1.0
199,0.9046,1.8368,4.3294,2.3161,4.5,5.5,1.8462,2.9745,33.9541,26.2684,90.1294,26.3284,83.8352,23.9774112701416,104.30004119873047,23.98504066467285,70.47575378417969,29.2423,28.3423,98.1697,98.1892,0.0,33.9543,0.0,49.9402,0.0,21.345014572143555,0.0,31.181541442871094,0.0,87.6674,1.0,1.0,0.0,1.0,0.0,1.0,0.0,1.0,0.0,1.0,0.0,1.0
200,0.8992,1.8468,4.4549,2.3266,4.5,5.5,2.0408,2.9745,33.9524,26.2787,90.2104,26.3385,83.8455,23.98703956604004,104.331298828125,23.994796752929688,70.4844741821289,29.2513,28.3513,98.1729,98.1923,0.0,33.9116,0.0,49.94,0.0,21.32221794128418,0.0,31.178794860839844,0.0,87.5699,1.0,1.0,0.0,1.0,0.0,1.0,0.0,1.0,0.0,1.0,0.0,1.0
201,0.894,1.8567,4.5801,2.3372,4.5,5.5,2.2345,2.9745,33.9508,26.2888,90.2912,26.3485,83.8559,23.9966983795166,104.36260986328125,24.004575729370117,70.49322509765625,29.2601,28.3601,98.1759,98.1953,0.0,33.8688,0.0,49.9398,0.0,21.299348831176758,0.0,31.17603302001953,0.0,87.4742,1.0,1.0,0.0,1.0,0.0,1.0,0.0,1.0,0.0,1.0,0.0,1.0
202,0.8889,1.8664,4.705,2.3477,4.5,5.5,2.4272,2.9746,34.0905,26.3398,91.2903,26.3978,85.9103,24.68716049194336,106.4986801147461,24.678556442260742,71.11616516113281,29.295,28.395,97.9169,97.9363,0.0,33.2887,0.0,48.8926,0.0,19.679304122924805,0.0,30.972217559814453,0.0,88.1461,1.0,1.0,0.0,1.0,0.0,1.0,0.0,1.0,0.0,1.0,0.0,1.0
203,0.8923,1.8822,4.8368,2.4722,4.5,5.5,2.6868,2.9746,34.0939,26.3567,91.3763,26.4146,86.0034,24.70401382446289,106.54838562011719,24.694501876831055,71.1314468383789,29.3103,28.4103,97.9107,97.9301,0.0,33.2459,0.0,48.852,0.0,19.639925003051758,0.0,30.96706771850586,0.0,88.0639,1.0,1.0,0.0,1.0,0.0,1.0,0.0,1.0,0.0,1.0,0.0,1.0
204,0.8957,1.8981,4.9683,2.5964,4.5,5.5,2.9451,2.9746,34.0973,26.3737,91.4622,26.4314,86.0962,24.720867156982422,106.59796905517578,24.710416793823242,71.14673614501953,29.3257,28.4257,97.9044,97.9238,0.0,33.2032,0.0,48.8116,0.0,19.60057258605957,0.0,30.961912155151367,0.0,87.9826,1.0,1.0,0.0,1.0,0.0,1.0,0.0,1.0,0.0,1.0,0.0,1.0
205,0.8994,1.9139,5.0995,2.7202,4.5,5.5,3.202,2.9746,34.1008,26.3906,91.5479,26.4482,86.1887,24.73771858215332,106.64743041992188,24.72630500793457,71.16201782226562,29.340999999999998,28.441,97.8979,97.9173,0.0,33.1606,0.0,48.7712,0.0,19.561233520507812,0.0,30.956743240356445,0.0,87.9022,1.0,1.0,0.0,1.0,0.0,1.0,0.0,1.0,0.0,1.0,0.0,1.0
206,0.9031,1.9297,5.2305,2.8437,4.5,5.5,3.4579,2.9749,34.4083,26.4625,92.3909,26.5185,87.6124,25.757028579711914,109.40408325195312,25.62995147705078,72.08929443359375,29.4097,28.5097,97.3271,97.3463,0.0,32.6778,0.0,48.0405,0.0,17.24308967590332,0.0,30.619600296020508,0.0,89.7673,1.0,1.0,0.0,1.0,0.0,1.0,0.0,1.0,0.0,1.0,0.0,1.0
207,0.9213,1.9538,5.3669,3.0217,4.5,5.5,3.7616,2.975,34.5361,27.7437,75.8699,27.7055,88.1037,25.812101364135742,109.53977966308594,25.675731658935547,72.13932037353516,30.2863,29.3863,97.0897,97.1088,0.0,0.0,0.0,48.4187,0.0,17.122032165527344,0.0,30.599506378173828,0.0,84.0911,1.0,1.0,0.0,0.0,0.0,1.0,0.0,1.0,0.0,1.0,0.0,1.0
208,0.9455,2.0485,5.3047,3.2031,4.5,5.5,4.0646,2.975,34.5581,27.8227,75.8077,27.7846,88.2533,25.838340759277344,109.60401916503906,25.697450637817383,72.1632080078125,30.3629,29.4629,97.0486,97.0678,0.0,0.0,0.0,48.3805,0.0,17.064420700073242,0.0,30.589868545532227,0.0,83.7349,1.0,1.0,0.0,0.0,0.0,1.0,0.0,1.0,0.0,1.0,0.0,1.0
209,0.9701,2.1423,5.2424,3.3842,4.5,5.5,4.3663,2.975,34.5804,27.9013,75.7455,27.8632,88.4027,25.864526748657227,109.66781616210938,25.719053268432617,72.18702697753906,30.4391,29.5391,97.0073,97.0264,0.0,0.0,0.0,48.3423,0.0,17.007061004638672,0.0,30.58018684387207,0.0,83.3837,1.0,1.0,0.0,0.0,0.0,1.0,0.0,1.0,0.0,1.0,0.0,1.0
210,1.0009,2.2668,5.1802,3.4182,4.5,5.5,4.6668,2.9756,35.2329,30.5787,76.7641,30.5787,68.1994,27.05348014831543,112.22762298583984,26.638078689575195,73.20387268066406,32.8639,31.9639,95.7907,95.8095,0.0,0.0,0.0,0.0,0.0,14.592789649963379,0.0,30.024961471557617,0.0,69.4479,1.0,1.0,0.0,0.0,0.0,0.0,0.0,1.0,0.0,1.0,0.0,1.0
211,1.0697,2.4564,5.1352,3.2122,4.5,5.4693,4.6554,2.9760000000000004,35.7022,31.031999999999996,76.719,31.031999999999996,67.9935,30.183279037475586,113.36458587646484,30.217456817626953,58.4355354309082,33.3327,32.4327,94.9123,94.9308,0.0,0.0,0.0,0.0,0.0,17.232418060302734,0.0,0.0,0.0,72.3801,1.0,1.0,0.0,0.0,0.0,0.0,0.0,1.0,0.0,0.0,0.0,1.0
212,1.1494,2.6485,5.0902,3.0062,4.5,5.4188,4.4244,2.9761,35.7619,31.1799,76.67399999999998,31.1799,67.7875,30.1854248046875,113.36585998535156,30.22087860107422,58.43122863769531,33.4779,32.5779,94.8004,94.8188,0.0,0.0,0.0,0.0,0.0,17.231348037719727,0.0,0.0,0.0,71.8956,1.0,1.0,0.0,0.0,0.0,0.0,0.0,1.0,0.0,0.0,0.0,1.0
213,1.2294,2.8392,5.0451,2.8003,4.5,5.3664,4.1962,2.9761,35.8217,31.3271,76.62899999999998,31.3271,67.5815,30.187543869018555,113.36711120605469,30.224252700805664,58.42699432373047,33.6226,32.7226,94.6883,94.7067,0.0,0.0,0.0,0.0,0.0,17.230287551879883,0.0,0.0,0.0,71.4153,1.0,1.0,0.0,0.0,0.0,0.0,0.0,1.0,0.0,0.0,0.0,1.0
214,1.3097,3.0288,5.0001,2.5943,4.5,5.3122,3.9703,2.9762,35.9117,31.4771,75.9782,31.4771,68.3123,30.160737991333008,113.350341796875,30.180734634399414,58.48257827758789,33.7702,32.8702,94.5193,94.5377,0.0,0.0,0.0,0.0,0.0,17.243249893188477,0.0,0.0,0.0,70.9773,1.0,1.0,0.0,0.0,0.0,0.0,0.0,1.0,0.0,0.0,0.0,1.0
215,1.3889,3.2171,4.9449,2.4303,4.5,5.2606,3.7733,2.9762,35.971,31.6226,75.923,31.6226,68.1483,30.16314697265625,113.35182189941406,30.184616088867188,58.477542877197266,33.9133,33.0133,94.40799999999999,94.4264,0.0,0.0,0.0,0.0,0.0,17.242097854614258,0.0,0.0,0.0,70.5003,1.0,1.0,0.0,0.0,0.0,0.0,0.0,1.0,0.0,0.0,0.0,1.0
216,1.4685,3.4042,4.8896,2.2664,4.5,5.2074,3.5784,2.9763,36.0303,31.7675,75.8678,31.7675,67.9844,30.165525436401367,113.35328674316406,30.188446044921875,58.472591400146484,34.0557,33.1557,94.2966,94.3149,0.0,0.0,0.0,0.0,0.0,17.240957260131836,0.0,0.0,0.0,70.0273,1.0,1.0,0.0,0.0,0.0,0.0,0.0,1.0,0.0,0.0,0.0,1.0
217,1.5484,3.59,4.8344,2.1024,4.5,5.1527,3.3856,2.9763,36.0896,31.9118,75.8126,31.9118,67.8204,30.167869567871094,113.35472106933594,30.192218780517578,58.46772384643555,34.1975,33.2975,94.185,94.2033,0.0,0.0,0.0,0.0,0.0,17.239824295043945,0.0,0.0,0.0,69.5584,1.0,1.0,0.0,0.0,0.0,0.0,0.0,1.0,0.0,0.0,0.0,1.0
218,1.6286,3.7743,4.7792,1.9385,4.5,5.0962,3.1951,2.9755,35.1347,29.3051,74.7191,29.2647,86.7138,30.16925811767578,113.35530853271484,30.194265365600586,58.46519470214844,31.8357,30.9357,95.9741,95.9929,0.0,0.0,0.0,49.9698,0.0,17.239286422729492,0.0,0.0,0.0,80.3384,1.0,1.0,0.0,0.0,0.0,1.0,0.0,1.0,0.0,0.0,0.0,1.0
219,1.6814,3.8549,4.7094,2.0841,4.5,5.0174,2.8697,2.9755,35.1687,29.3797,74.6494,29.3393,86.8386,30.170936584472656,113.3563003540039,30.196937561035156,58.46177291870117,31.9092,31.0092,95.9107,95.9294,0.0,0.0,0.0,49.9442,0.0,17.238473892211914,0.0,0.0,0.0,80.1714,1.0,1.0,0.0,0.0,0.0,1.0,0.0,1.0,0.0,0.0,0.0,1.0
220,1.7343,3.9352,4.6397,2.2296,4.5,4.9367,2.5468,2.9756,35.2026,29.4541,74.5796,29.4137,86.9632,30.172595977783203,113.35726928710938,30.199575424194336,58.45840072631836,31.9824,31.0824,95.8473,95.866,0.0,0.0,0.0,49.9184,0.0,17.2376708984375,0.0,0.0,0.0,80.0061,1.0,1.0,0.0,0.0,0.0,1.0,0.0,1.0,0.0,0.0,0.0,1.0
221,1.7872,4.015,4.57,2.3748,4.5,4.8541,2.2266,2.9753,34.9231,29.3964,74.5099,29.3561,87.0487,26.341663360595703,110.7694091796875,26.099519729614258,72.6119155883789,31.9044,31.0044,96.3689,96.3878,0.0,0.0,0.0,49.8446,0.0,15.997485160827637,0.0,30.3875789642334,0.0,76.5862,1.0,1.0,0.0,0.0,0.0,1.0,0.0,1.0,0.0,1.0,0.0,1.0
222,1.8084,4.0859,4.5002,2.5194,4.5,4.9326,2.3972,2.9752,34.8414,29.4129,73.9578,29.372,86.2117,25.209327697753906,107.9759521484375,25.156021118164062,71.58692932128906,31.9189,31.0189,96.5212,96.5402,0.0,0.0,0.0,50.28100000000001,0.0,18.480817794799805,0.0,30.80646324157715,0.0,75.6813,1.0,1.0,0.0,0.0,0.0,1.0,0.0,1.0,0.0,1.0,0.0,1.0
223,1.8230000000000002,4.1533,4.4246,2.6215,4.5,5.0059,2.5423,2.9753,34.8558,29.4699,73.8822,29.4289,86.3008,25.22458267211914,108.0174560546875,25.169639587402344,71.60081481933594,31.974,31.074,96.4944,96.5134,0.0,0.0,0.0,50.2647,0.0,18.445960998535156,0.0,30.801456451416016,0.0,75.3809,1.0,1.0,0.0,0.0,0.0,1.0,0.0,1.0,0.0,1.0,0.0,1.0
224,1.838,4.22,4.3489,2.7234,4.5,5.0795,2.6866,2.9753,34.8703,29.5263,73.8065,29.4854,86.39,25.23993492126465,108.0591049194336,25.183319091796875,71.61478424072266,32.0287,31.1287,96.4674,96.4863,0.0,0.0,0.0,50.24800000000001,0.0,18.41091537475586,0.0,30.796409606933594,0.0,75.0855,1.0,1.0,0.0,0.0,0.0,1.0,0.0,1.0,0.0,1.0,0.0,1.0
225,1.8532,4.2859,4.2732,2.8252,4.5,5.1533,2.83,2.9753,34.8849,29.5823,73.7309,29.5415,86.479,25.255327224731445,108.10076141357422,25.197011947631836,71.62879180908203,32.083,31.183000000000003,96.4401,96.4591,0.0,0.0,0.0,50.2312,0.0,18.375797271728516,0.0,30.79133415222168,0.0,74.7949,1.0,1.0,0.0,0.0,0.0,1.0,0.0,1.0,0.0,1.0,0.0,1.0
226,1.8688,4.3511,4.1976,2.9268,4.5,5.2274,2.9726,2.9752,34.763000000000005,29.5905,72.259,29.5492,85.8103,22.669132232666016,99.73422241210938,22.598896026611328,69.2781753540039,32.086999999999996,31.186999999999998,96.6674,96.6864,0.0,0.0,0.0,50.5735,0.0,24.416954040527344,0.0,31.537593841552734,0.0,73.5969,1.0,1.0,0.0,0.0,0.0,1.0,0.0,1.0,0.0,1.0,0.0,1.0
227,1.8731,4.412,4.1066,2.9896,4.5,5.2987,3.1031,2.9752,34.7711,29.6402,72.168,29.5989,85.8696,22.67889404296875,99.77052307128906,22.609725952148438,69.28734588623047,32.1348,31.2348,96.6523,96.6713,0.0,0.0,0.0,50.5687,0.0,24.394243240356445,0.0,31.535043716430664,0.0,73.2625,1.0,1.0,0.0,0.0,0.0,1.0,0.0,1.0,0.0,1.0,0.0,1.0
228,1.8778,4.4723,4.0157,3.0524,4.5,5.3701,3.233,2.9752,34.7793,29.6895,72.0771,29.6481,85.9288,22.688858032226562,99.80755615234375,22.620769500732422,69.29669952392578,32.1823,31.2823,96.637,96.656,0.0,0.0,0.0,50.5638,0.0,24.371063232421875,0.0,31.532438278198242,0.0,72.9332,1.0,1.0,0.0,0.0,0.0,1.0,0.0,1.0,0.0,1.0,0.0,1.0
229,1.8828,4.5316,3.9248,3.1151,4.5,5.4417,3.3621,2.9752,34.7877,29.7383,71.9862,29.6969,85.9877,22.69893455505371,99.844970703125,22.631933212280273,69.30615997314453,32.2292,31.3292,96.6213,96.6403,0.0,0.0,0.0,50.5586,0.0,24.347612380981445,0.0,31.529804229736328,0.0,72.6099,1.0,1.0,0.0,0.0,0.0,1.0,0.0,1.0,0.0,1.0,0.0,1.0
230,1.8885,4.59,3.8338,3.1777,4.5,5.5,3.5045,2.9749,34.4589,29.7142,71.0312,29.6723,85.2672,22.269256591796875,98.2225570678711,22.151330947875977,68.89801788330078,32.196,31.296,97.2331,97.2523,0.0,0.0,0.0,50.9072,0.0,25.339527130126953,0.0,31.640750885009766,0.0,70.4252,1.0,1.0,0.0,0.0,0.0,1.0,0.0,1.0,0.0,1.0,0.0,1.0
231,1.8789,4.6418,3.7345,3.1922,4.5,5.5,3.4622,2.9749,34.4591,29.7545,70.9318,29.7126,85.2882,22.264286041259766,98.2034683227539,22.14569664001465,68.89322662353516,32.2343,31.3343,97.2328,97.25200000000001,0.0,0.0,0.0,50.9168,0.0,25.35092544555664,0.0,31.642019271850586,0.0,70.0492,1.0,1.0,0.0,0.0,0.0,1.0,0.0,1.0,0.0,1.0,0.0,1.0
232,1.8698,4.6926,3.6351,3.2067,4.5,5.5,3.4201,2.9749,34.4594,29.7941,70.8324,29.7522,85.309,22.25942039489746,98.18477630615234,22.140178680419922,68.8885269165039,32.2721,31.3721,97.2323,97.2514,0.0,0.0,0.0,50.9262,0.0,25.362085342407227,0.0,31.64326286315918,0.0,69.6795,1.0,1.0,0.0,0.0,0.0,1.0,0.0,1.0,0.0,1.0,0.0,1.0
233,1.8611,4.7424,3.5357,3.2214,4.5,5.5,3.3782,2.9749,34.4598,29.8331,70.7331,29.7912,85.3298,22.25468635559082,98.16658782958984,22.134807586669922,68.88395690917969,32.3093,31.4093,97.2315,97.2507,0.0,0.0,0.0,50.9352,0.0,25.372943878173828,0.0,31.644472122192383,0.0,69.316,1.0,1.0,0.0,0.0,0.0,1.0,0.0,1.0,0.0,1.0,0.0,1.0
234,1.8528,4.7911,3.4364,3.2361,4.5,5.5,3.3365,2.9748,34.3817,29.8679,71.157,29.8264,85.9269,22.726598739624023,99.9478530883789,22.662940979003906,69.3326187133789,32.3377,31.4377,97.3765,97.3958,0.0,0.0,0.0,50.6543,0.0,24.282215118408203,0.0,31.522567749023438,0.0,68.4673,1.0,1.0,0.0,0.0,0.0,1.0,0.0,1.0,0.0,1.0,0.0,1.0
235,1.8432,4.8384,3.342,3.2882,4.5,5.5,3.4268,2.9748,34.3817,29.9055,71.0627,29.864,85.9752,22.729032516479492,99.95687866210938,22.665651321411133,69.33491516113281,32.3734,31.4734,97.3765,97.3957,0.0,0.0,0.0,50.648999999999994,0.0,24.276506423950195,0.0,31.521928787231445,0.0,68.108,1.0,1.0,0.0,0.0,0.0,1.0,0.0,1.0,0.0,1.0,0.0,1.0
236,1.8341,4.8847,3.2477,3.3402,4.5,5.5,3.5167,2.9748,34.3819,29.9425,70.9684,29.901,86.0233,22.73155975341797,99.96624755859375,22.668468475341797,69.3373031616211,32.4086,31.5086,97.3762,97.3954,0.0,0.0,0.0,50.6434,0.0,24.27057647705078,0.0,31.52126693725586,0.0,67.755,1.0,1.0,0.0,0.0,0.0,1.0,0.0,1.0,0.0,1.0,0.0,1.0
237,1.8254,4.9302,3.1534,3.3923,4.5,5.5,3.6060000000000003,2.9748,34.3822,29.9789,70.874,29.9374,86.0712,22.734189987182617,99.97599792480469,22.671396255493164,69.33979034423828,32.4432,31.5432,97.3757,97.3949,0.0,0.0,0.0,50.6376,0.0,24.2643985748291,0.0,31.52057647705078,0.0,67.4082,1.0,1.0,0.0,0.0,0.0,1.0,0.0,1.0,0.0,1.0,0.0,1.0
238,1.8172,4.9747,3.0589999999999997,3.4442,4.5,5.5,3.6949,2.9749,34.4407,30.031999999999996,71.7458,29.9909,86.6658,23.147668838500977,101.47583770751953,23.120384216308594,69.72188568115234,32.4942,31.5942,97.26700000000001,97.2862,0.0,0.0,0.0,50.3646,0.0,23.299983978271484,0.0,31.410985946655273,0.0,67.3871,1.0,1.0,0.0,0.0,0.0,1.0,0.0,1.0,0.0,1.0,0.0,1.0
239,1.8139,5.0281,3.0405,3.4003,4.5,5.5,3.7222,2.9749,34.4852,30.3903,90.613,30.5028,64.3008,23.154783248901367,101.50112915039062,23.12801742553711,69.72840118408203,32.8683,31.9683,97.1842,97.2034,0.0,36.0758,0.0,0.0,1.0288,23.283313751220703,0.0,31.409072875976562,0.0,64.2445,1.0,1.0,0.0,1.0,0.0,0.0,1.0,1.0,0.0,1.0,0.0,1.0
240,1.8130000000000002,5.1002,3.1754,3.0649,4.5,5.5,3.7495,2.9749,34.4885,30.4169,90.7064,30.5291,64.3197,23.156644821166992,101.50775146484375,23.130022048950195,69.73011016845703,32.8978,31.9978,97.1781,97.1973,0.0,36.0382,0.0,0.0,1.8705,23.278932571411133,0.0,31.408571243286133,0.0,63.9885,1.0,1.0,0.0,1.0,0.0,0.0,1.0,1.0,0.0,1.0,0.0,1.0
241,1.8125,5.1689,3.31,2.7377,4.5,5.5,3.7766,2.9749,34.4919,30.4432,90.7995,30.5551,64.3314,23.15861701965332,101.51476287841797,23.132144927978516,69.73191833496094,32.9269,32.0269,97.1717,97.1909,0.0,36.0005,0.0,0.0,2.6776,23.2742977142334,0.0,31.408039093017578,0.0,63.7376,1.0,1.0,0.0,1.0,0.0,0.0,1.0,1.0,0.0,1.0,0.0,1.0
242,1.8123,5.2354,3.4445,2.4163,4.5,5.5,3.8036,2.9753,34.8736,30.6666,92.0821,30.7751,64.5744,21.248451232910156,94.1785888671875,20.967208862304688,67.86343383789062,33.1377,32.2377,96.4613,96.4802,0.0,35.3964,0.0,0.0,0.7045,27.627403259277344,0.0,31.894868850708008,0.0,64.7134,1.0,1.0,0.0,1.0,0.0,0.0,1.0,1.0,0.0,1.0,0.0,1.0
243,1.8214,5.3107,3.5871,2.1194,4.5,5.5,3.8789999999999996,2.9753,34.8827,30.6967,92.1801,30.805,64.5992,21.253883361816406,94.20064544677734,20.973682403564453,67.86927032470703,33.1709,32.2709,96.4444,96.4633,0.0,35.3573,0.0,0.0,1.5523,27.61550521850586,0.0,31.893545150756836,0.0,64.5155,1.0,1.0,0.0,1.0,0.0,0.0,1.0,1.0,0.0,1.0,0.0,1.0
244,1.8268,5.3174,3.7281,2.0716,4.5,5.5,3.9538,2.9752,34.7805,29.5274,91.801,29.5922,86.3218,21.246702194213867,94.17151641845703,20.965177536010742,67.8615951538086,32.4214,31.5214,96.6348,96.6538,0.0,34.8982,0.0,50.3369,0.0,27.63113784790039,0.0,31.895292282104492,0.0,70.5293,1.0,1.0,0.0,1.0,0.0,1.0,0.0,1.0,0.0,1.0,0.0,1.0
245,1.8296,5.2784,3.8678,2.1928,4.5,5.5,4.0284,2.9752,34.7781,29.4985,91.8737,29.563000000000002,86.4,21.24976921081543,94.18397521972656,20.968839645385742,67.86489868164062,32.3922,31.4922,96.6393,96.6583,0.0,34.8386,0.0,50.2824,0.0,27.624408721923828,0.0,31.894542694091797,0.0,70.7805,1.0,1.0,0.0,1.0,0.0,1.0,0.0,1.0,0.0,1.0,0.0,1.0
246,1.8319999999999999,5.2403,4.0071,2.3136,4.5,5.5,4.1025,2.9748,34.3901,29.4007,91.7719,29.4645,85.4609,23.74283790588379,103.529296875,23.747785568237305,70.26419067382812,32.2895,31.3895,97.361,97.3803,0.0,34.841,0.0,50.7066,0.0,21.896087646484375,0.0,31.24768829345703,0.0,68.9623,1.0,1.0,0.0,1.0,0.0,1.0,0.0,1.0,0.0,1.0,0.0,1.0
247,1.8263,5.1963,4.1449,2.3847,4.5,5.5,4.3682,2.9748,34.3834,29.3667,91.8418,29.4303,85.5037,23.75632095336914,103.57428741455078,23.761699676513672,70.27642822265625,32.2553,31.3553,97.3733,97.3926,0.0,34.78,0.0,50.668,0.0,21.86417007446289,0.0,31.24390983581543,0.0,69.197,1.0,1.0,0.0,1.0,0.0,1.0,0.0,1.0,0.0,1.0,0.0,1.0
248,1.8203,5.1532,4.2823,2.4555,4.5,5.5,4.6326,2.9748,34.3768,29.3333,91.9117,29.3966,85.5463,23.769681930541992,103.6187973022461,23.77547264099121,70.28853607177734,32.2217,31.3217,97.3857,97.4049,0.0,34.7192,0.0,50.6297,0.0,21.83254051208496,0.0,31.24015998840332,0.0,69.4255,1.0,1.0,0.0,1.0,0.0,1.0,0.0,1.0,0.0,1.0,0.0,1.0
249,1.8257,5.1128,4.4192,2.5259,4.5,5.4769,4.6887,2.975,34.5147,29.3429,91.9984,29.406,85.6002,30.01198387145996,113.24694061279297,29.93296241760254,58.832908630371094,32.2408,31.3408,97.1295,97.1486,0.0,34.6738,0.0,50.6072,0.0,17.302976608276367,0.0,0.0,0.0,71.4176,1.0,1.0,0.0,1.0,0.0,1.0,0.0,1.0,0.0,0.0,0.0,1.0
250,1.8508,5.0760000000000005,4.5559,2.5962,4.5,5.4126,4.383,2.9752,34.7787,29.3437,91.5806,29.4081,85.5534,30.043560028076172,113.26899719238281,29.985618591308594,58.754364013671875,32.2581,31.3581,96.6381,96.6571,0.0,34.9197,0.0,50.6318,0.0,17.292123794555664,0.0,0.0,0.0,73.6851,1.0,1.0,0.0,1.0,0.0,1.0,0.0,1.0,0.0,0.0,0.0,1.0
251,1.8840000000000001,5.0445,4.6887,2.6609,4.5,5.3089,3.8836,2.9752,34.7892,29.3221,91.6534,29.3862,85.5948,30.045734405517578,113.27045440673828,29.98920249938965,58.749107360839844,32.2372,31.3372,96.6186,96.6376,0.0,34.8644,0.0,50.6,0.0,17.291336059570312,0.0,0.0,0.0,74.0445,1.0,1.0,0.0,1.0,0.0,1.0,0.0,1.0,0.0,0.0,0.0,1.0
252,1.9167,5.0142,4.8210000000000015,2.7253,4.5,5.2029,3.3871,2.9752,34.7997,29.3012,91.7263,29.3651,85.6363,30.04788589477539,113.27190399169922,29.99274444580078,58.743927001953125,32.217,31.316999999999997,96.59899999999999,96.618,0.0,34.8094,0.0,50.5685,0.0,17.290557861328125,0.0,0.0,0.0,74.3957,1.0,1.0,0.0,1.0,0.0,1.0,0.0,1.0,0.0,0.0,0.0,1.0
253,1.949,4.985,4.9531,2.7894,4.5,5.0948,2.8937,2.9752,34.8101,29.281,91.7992,29.3447,85.6777,30.050004959106445,113.2733154296875,29.996227264404297,58.738834381103516,32.1975,31.2975,96.5795,96.5985,0.0,34.7547,0.0,50.5373,0.0,17.289785385131836,0.0,0.0,0.0,74.7389,1.0,1.0,0.0,1.0,0.0,1.0,0.0,1.0,0.0,0.0,0.0,1.0
254,1.9808,4.9572,5.0847,2.8532,4.5,4.9842,2.4035,2.9751,34.6805,29.2255,91.8725,29.2888,85.6683,23.887210845947266,104.0038070678711,23.892210006713867,70.39215087890625,32.1315,31.2315,96.821,96.84,0.0,34.6788,0.0,50.5139,0.0,21.56226348876953,0.0,31.206958770751953,0.0,73.0904,1.0,1.0,0.0,1.0,0.0,1.0,0.0,1.0,0.0,1.0,0.0,1.0
255,1.9817,4.9251,5.2161,2.9144,4.5,5.0449,2.4928,2.9751,34.6781,29.2005,91.9432,29.2634,85.7063,23.892553329467773,104.0213394165039,23.897661209106445,70.39698791503906,32.1062,31.2062,96.8254,96.8445,0.0,34.6223,0.0,50.4819,0.0,21.54962158203125,0.0,31.205440521240234,0.0,73.2951,1.0,1.0,0.0,1.0,0.0,1.0,0.0,1.0,0.0,1.0,0.0,1.0
256,1.9823,4.8939,5.3471,2.9752,4.5,5.1057,2.5815,2.9751,34.7255,30.0188,74.4833,29.9772,85.9418,23.906789779663086,104.06793212890625,23.91213035583496,70.4098129272461,32.4982,31.5982,96.7372,96.7562,0.0,0.0,0.0,50.7225,0.0,21.51606559753418,0.0,31.20139503479004,0.0,70.2206,1.0,1.0,0.0,0.0,0.0,1.0,0.0,1.0,0.0,1.0,0.0,1.0
257,1.9864,4.9457,5.2677,3.0381,4.5,5.1665,2.6698,2.9751,34.7327,30.061999999999998,74.4039,30.0204,85.9995,23.915115356445312,104.09516143798828,23.92059326171875,70.41732788085938,32.5397,31.6397,96.7237,96.7427,0.0,0.0,0.0,50.7152,0.0,21.496417999267578,0.0,31.199026107788086,0.0,69.9237,1.0,1.0,0.0,0.0,0.0,1.0,0.0,1.0,0.0,1.0,0.0,1.0
258,1.9908,4.9966,5.1883,3.1010000000000004,4.5,5.2274,2.7577,2.9751,34.7333,30.1034,73.7734,30.0619,86.1272,23.217782974243164,101.72357177734375,23.194564819335938,69.78524017333984,32.5789,31.6789,96.7226,96.7416,0.0,0.0,0.0,50.672,0.0,23.137439727783203,0.0,31.392101287841797,0.0,69.5461,1.0,1.0,0.0,0.0,0.0,1.0,0.0,1.0,0.0,1.0,0.0,1.0
259,1.9934,5.0467,5.1028,3.1677,4.5,5.2794,2.8049,2.9752,34.7396,30.1452,73.688,30.1037,86.1872,23.223087310791016,101.74230194091797,23.200246810913086,69.79009246826172,32.619,31.719,96.7109,96.7299,0.0,0.0,0.0,50.6629,0.0,23.12496566772461,0.0,31.390668869018555,0.0,69.2459,1.0,1.0,0.0,0.0,0.0,1.0,0.0,1.0,0.0,1.0,0.0,1.0
260,1.9964,5.096,5.0173,3.2344,4.5,5.3312,2.8519,2.9752,34.7461,30.1864,73.6025,30.1449,86.24700000000001,23.228578567504883,101.76168060302734,23.206119537353516,69.79512023925781,32.6587,31.7587,96.6989,96.7179,0.0,0.0,0.0,50.6535,0.0,23.112058639526367,0.0,31.389184951782227,0.0,68.9516,1.0,1.0,0.0,0.0,0.0,1.0,0.0,1.0,0.0,1.0,0.0,1.0
261,1.9997,5.1446,4.9319,3.3009,4.5,5.382999999999999,2.8989,2.9752,34.7526,30.2272,73.517,30.1857,86.3066,23.23424530029297,101.78167724609375,23.212182998657227,69.80030059814453,32.6979,31.7979,96.6866,96.7056,0.0,0.0,0.0,50.6441,0.0,23.09873390197754,0.0,31.387649536132812,0.0,68.6631,1.0,1.0,0.0,0.0,0.0,1.0,0.0,1.0,0.0,1.0,0.0,1.0
262,2.0033,5.1924,4.8464,3.3674,4.5,5.4346,2.9458,2.9753,34.8619,30.2882,73.80199999999998,30.2467,86.3764,24.687700271606445,106.496826171875,24.67717933654785,71.1136703491211,32.7613,31.8613,96.4831,96.5021,0.0,0.0,0.0,50.6397,0.0,19.684715270996094,0.0,30.971412658691406,0.0,69.1248,1.0,1.0,0.0,0.0,0.0,1.0,0.0,1.0,0.0,1.0,0.0,1.0
263,2.0147,5.2413,4.765,3.4341,4.5,5.4967,3.0381,2.9753,34.873000000000005,30.3307,73.7206,30.2893,86.4366,24.69954490661621,106.53173828125,24.688377380371094,71.1243667602539,32.8026,31.9026,96.4624,96.4813,0.0,0.0,0.0,50.6308,0.0,19.6571102142334,0.0,30.967782974243164,0.0,68.8896,1.0,1.0,0.0,0.0,0.0,1.0,0.0,1.0,0.0,1.0,0.0,1.0
264,2.0272,5.2899,4.6835,3.5008,4.5,5.5,3.1924,2.9755,35.15,32.1494,73.6392,32.1487,65.7809,25.019134521484375,107.45150756835938,24.985605239868164,71.41444396972656,34.3764,33.4764,95.9456,95.9644,0.0,0.0,0.0,0.0,5.7054,18.91484832763672,0.0,30.868040084838867,0.0,56.6064,1.0,1.0,0.0,0.0,0.0,0.0,1.0,1.0,0.0,1.0,0.0,1.0
265,2.053,5.425,4.6021,3.1875,4.5,5.5,3.3504,2.9755,35.1725,32.213,73.5577,32.211999999999996,65.7823,25.042278289794922,107.51634216308594,25.006694793701172,71.4354476928711,34.4394,33.5394,95.9036,95.9224,0.0,0.0,0.0,0.0,6.4406,18.861553192138672,0.0,30.86064338684082,0.0,56.2888,1.0,1.0,0.0,0.0,0.0,0.0,1.0,1.0,0.0,1.0,0.0,1.0
266,2.1038,5.4963,4.5207,2.8689999999999998,4.5,5.5,3.5108,2.977,36.8645,30.4789,72.0396,30.4786,64.2175,24.087432861328125,104.65132904052734,24.094514846801758,70.57090759277344,39.8793,31.6706,92.7243,92.7421,0.0,0.0,0.0,0.0,3.8625,21.092266082763672,0.0,31.149248123168945,0.0,0.0,1.0,1.0,0.0,0.0,0.0,0.0,1.0,1.0,0.0,1.0,0.0,0.0
267,2.18,5.4860000000000015,4.4244,2.5363,4.5,5.5,3.5916,2.9771,36.905,30.4629,71.9433,30.4624,64.1708,24.12731170654297,104.77845001220703,24.13428497314453,70.60672760009766,39.944,31.655,92.6478,92.6656,0.0,0.0,0.0,0.0,4.5155,20.998563766479492,0.0,31.137699127197266,0.0,0.0,1.0,1.0,0.0,0.0,0.0,0.0,1.0,1.0,0.0,1.0,0.0,0.0
268,2.256,5.474,4.3281,2.2091,4.5,5.5,3.6724,2.9771,36.9453,30.4446,71.847,30.44400000000001,64.1159,24.167078018188477,104.90457916259766,24.173805236816406,70.64244842529297,40.0086,31.6374,92.5714,92.5892,0.0,0.0,0.0,0.0,5.1398,20.90515899658203,0.0,31.126136779785156,0.0,0.0,1.0,1.0,0.0,0.0,0.0,0.0,1.0,1.0,0.0,1.0,0.0,0.0
269,2.3317,5.4183,4.2318,2.0215,4.5,5.5,3.7531,2.9771,36.9856,28.396,71.7507,28.3548,84.821,24.206758499145508,105.02977752685547,24.213104248046875,70.67809295654297,40.0729,29.7745,92.4952,92.51299999999999,0.0,0.0,0.0,50.4702,0.0,20.812002182006836,0.0,31.114561080932617,0.0,0.0,1.0,1.0,0.0,0.0,0.0,1.0,0.0,1.0,0.0,1.0,0.0,0.0
270,2.4074,5.2843,4.1355,2.083,4.5,5.5,3.8338,2.977,36.8177,28.2299,70.9317,28.188000000000002,83.7912,26.15738868713379,110.35389709472656,25.955467224121094,72.44577026367188,39.9692,29.6113,92.8127,92.8306,0.0,0.0,0.0,50.903,0.0,16.385961532592773,0.0,30.463972091674805,0.0,0.0,1.0,1.0,0.0,0.0,0.0,1.0,0.0,1.0,0.0,1.0,0.0,0.0
271,2.4819,5.1492,4.0324,2.0742,4.5,5.5,3.9652,2.977,36.8577,28.0983,70.8286,28.0565,83.7542,26.189937591552734,110.42826843261719,25.981321334838867,72.47480773925781,40.033,29.4794,92.7371,92.755,0.0,0.0,0.0,50.8559,0.0,16.31711196899414,0.0,30.450668334960938,0.0,0.0,1.0,1.0,0.0,0.0,0.0,1.0,0.0,1.0,0.0,1.0,0.0,0.0
272,2.5562,5.0143,3.9293,2.0649,4.5,5.5,4.0962,2.977,36.8977,27.9668,70.7255,27.925,83.7151,26.222169876098633,110.5014419555664,26.00682830810547,72.50349426269531,40.0967,29.3476,92.6616,92.6794,0.0,0.0,0.0,50.8098,0.0,16.249189376831055,0.0,30.43735122680664,0.0,0.0,1.0,1.0,0.0,0.0,0.0,1.0,0.0,1.0,0.0,1.0,0.0,0.0
273,2.6304,4.8794,3.8262,2.0553,4.5,5.5,4.227,2.9771,36.9375,27.8354,70.6224,27.7937,83.6758,26.254087448120117,110.57341766357422,26.031997680664062,72.53182220458984,40.1603,29.2159,92.5862,92.604,0.0,0.0,0.0,50.7638,0.0,16.182186126708984,0.0,30.42401695251465,0.0,0.0,1.0,1.0,0.0,0.0,0.0,1.0,0.0,1.0,0.0,1.0,0.0,0.0
274,2.7044,4.7447,3.7231,2.0453,4.5,5.5,4.3575,2.9766,36.3375,27.7015,69.653,27.6599,83.5655,22.597938537597656,99.4678955078125,22.519641876220703,69.20980072021484,39.4375,29.0819,93.7185,93.7367,0.0,0.0,0.0,50.751999999999995,0.0,24.583986282348633,0.0,31.55598258972168,0.0,0.0,1.0,1.0,0.0,0.0,0.0,1.0,0.0,1.0,0.0,1.0,0.0,0.0
275,2.7569,4.6101,3.6124,2.0289,4.5,5.5,4.3336,2.9766,36.3659,27.5701,69.5423,27.5285,83.5213,22.61697006225586,99.53900146484375,22.54073715209961,69.2276611328125,39.4827,28.9502,93.6652,93.6833,0.0,0.0,0.0,50.7084,0.0,24.540002822875977,0.0,31.5510311126709,0.0,0.0,1.0,1.0,0.0,0.0,0.0,1.0,0.0,1.0,0.0,1.0,0.0,0.0
276,2.8092,4.4755,3.5016,2.0121,4.5,5.5,4.3101,2.9766,36.3942,27.4388,69.4316,27.3973,83.4769,22.636085510253906,99.61030578613281,22.56190299987793,69.24557495117188,39.5278,28.8186,93.6119,93.63,0.0,0.0,0.0,50.6648,0.0,24.495807647705078,0.0,31.546052932739258,0.0,0.0,1.0,1.0,0.0,0.0,0.0,1.0,0.0,1.0,0.0,1.0,0.0,0.0
277,2.8614,4.3411,3.3909,1.9948,4.5,5.5,4.287,2.9766,36.4224,27.3076,69.3208,27.2661,83.4321,22.65522003173828,99.6815414428711,22.583065032958984,69.26348114013672,39.5727,28.6871,93.5588,93.5769,0.0,0.0,0.0,50.6214,0.0,24.451549530029297,0.0,31.54106330871582,0.0,0.0,1.0,1.0,0.0,0.0,0.0,1.0,0.0,1.0,0.0,1.0,0.0,0.0
278,2.9134,4.2067,3.2802,1.9773,4.5,5.5,4.2642,2.9767,36.5077,27.1649,67.9463,27.1233,83.0653,21.47243309020996,95.0832290649414,21.23087501525879,68.09902954101562,39.6427,28.5452,93.3979,93.4159,0.0,0.0,0.0,50.7338,0.0,27.13768768310547,0.0,31.84007453918457,0.0,0.0,1.0,1.0,0.0,0.0,0.0,1.0,0.0,1.0,0.0,1.0,0.0,0.0
279,2.9642,4.0721,3.159,1.9285,4.5,5.5,4.178,2.9767,36.5349,27.0326,67.8251,26.9911,82.99700000000001,21.48177719116211,95.12078857421875,21.2418270111084,68.10872650146484,39.686,28.4127,93.3466,93.3646,0.0,0.0,0.0,50.7018,0.0,27.117109298706055,0.0,31.837778091430664,0.0,0.0,1.0,1.0,0.0,0.0,0.0,1.0,0.0,1.0,0.0,1.0,0.0,0.0
280,3.0148,3.9375,3.0378,1.8795,4.5,5.5,4.0924,2.9768,36.562,26.9005,67.704,26.8589,82.9286,21.491172790527344,95.15855407714844,21.252840042114258,68.11846160888672,39.7293,28.2803,93.2954,93.3135,0.0,0.0,0.0,50.6698,0.0,27.096397399902344,0.0,31.835466384887695,0.0,0.0,1.0,1.0,0.0,0.0,0.0,1.0,0.0,1.0,0.0,1.0,0.0,0.0
281,3.0652,3.7409,3.0644,1.8227,4.5,5.5,4.0077,2.9768,36.5891,23.3677,85.0088,23.436,82.0855,21.5006160736084,95.19648742675781,21.263898849487305,68.12824249267578,39.7724,25.1562,93.2444,93.2625,0.0,35.2662,0.0,49.3476,0.0,27.075578689575195,0.0,31.83314323425293,0.0,0.0,1.0,1.0,0.0,1.0,0.0,1.0,0.0,1.0,0.0,1.0,0.0,0.0
282,3.1154,3.5164,3.1576,1.7622,4.5,5.5,3.9234,2.9759,35.5827,23.198,85.3885,23.2647,82.1844,21.27238655090332,94.27496337890625,20.9945125579834,67.88799285888672,38.7798,24.9797,95.1363,95.1548,0.0,34.9468,0.0,49.2058,0.0,27.57724952697754,0.0,31.889110565185547,0.0,0.0,1.0,1.0,0.0,1.0,0.0,1.0,0.0,1.0,0.0,1.0,0.0,0.0
283,3.1361,3.293,3.2538,1.7219,4.5,5.5,3.8373,2.9759,35.5942,22.996,85.3837,23.0621,82.1054,21.273868560791016,94.28095245361328,20.99624252319336,67.8895492553711,38.798,24.7751,95.1147,95.1333,0.0,34.8313,0.0,49.1408,0.0,27.57406234741211,0.0,31.888750076293945,0.0,0.0,1.0,1.0,0.0,1.0,0.0,1.0,0.0,1.0,0.0,1.0,0.0,0.0
284,3.1567,3.0702,3.3494,1.6811,4.5,5.5,3.7517,2.9759,35.6057,22.7944,85.3787,22.86,82.02600000000002,21.275346755981445,94.28691864013672,20.997966766357422,67.89110565185547,38.8163,24.570999999999998,95.0932,95.1118,0.0,34.7158,0.0,49.0761,0.0,27.57088851928711,0.0,31.88839340209961,0.0,0.0,1.0,1.0,0.0,1.0,0.0,1.0,0.0,1.0,0.0,1.0,0.0,0.0
285,3.1772,2.8478,3.4442,1.6397,4.5,5.5,3.6666,2.9759,35.6171,22.5933,85.3734,22.6583,81.9463,21.27684783935547,94.29298400878906,20.999717712402344,67.8926773071289,38.8344,24.3673,95.0718,95.0904,0.0,34.6002,0.0,49.0116,0.0,27.56766128540039,0.0,31.888031005859375,0.0,0.0,1.0,1.0,0.0,1.0,0.0,1.0,0.0,1.0,0.0,1.0,0.0,0.0
286,3.1976,2.6261,3.5381,1.5976,4.5,5.5,3.5821,2.9773,37.1577,22.4006,85.4165,22.465,81.9578,21.562217712402344,95.44377899169922,21.3365478515625,68.19200134277344,40.4126,24.1712,92.1693,92.1871,0.0,34.4605,0.0,48.903,0.0,26.938716888427734,0.0,31.817882537841797,0.0,0.0,1.0,1.0,0.0,1.0,0.0,1.0,0.0,1.0,0.0,1.0,0.0,0.0
287,3.2595,2.4048,3.6319999999999997,1.5646,4.5,5.5,3.6117,2.9773,37.1909,22.2008,85.4111,22.2647,81.8842,21.58032989501953,95.5163345336914,21.35776138305664,68.21064758300781,40.4656,23.9688,92.1064,92.1241,0.0,34.3448,0.0,48.8356,0.0,26.89849853515625,0.0,31.81340789794922,0.0,0.0,1.0,1.0,0.0,1.0,0.0,1.0,0.0,1.0,0.0,1.0,0.0,0.0
288,3.3213,2.1841,3.7252,1.5309,4.5,5.5,3.6413,2.9773,37.2241,22.0014,85.4054,22.0648,81.8103,21.598560333251953,95.58927917480469,21.379093170166016,68.22937774658203,40.5184,23.7669,92.0436,92.0613,0.0,34.2291,0.0,48.7685,0.0,26.857986450195312,0.0,31.808897018432617,0.0,0.0,1.0,1.0,0.0,1.0,0.0,1.0,0.0,1.0,0.0,1.0,0.0,0.0
289,3.3829,1.9639,3.8176,1.4967,4.5,5.5,3.6712,2.9774,37.2572,21.8025,85.3995,21.8653,81.7361,21.61693572998047,95.66275787353516,21.400575637817383,68.24821472167969,40.5712,23.5654,91.9809,91.9985,0.0,34.1134,0.0,48.7015,0.0,26.817110061645508,0.0,31.804349899291992,0.0,0.0,1.0,1.0,0.0,1.0,0.0,1.0,0.0,1.0,0.0,1.0,0.0,0.0
290,3.4444,1.7441,3.9094,1.4619,4.5,5.5,3.7011,2.9771,36.9694,21.6894,85.8627,21.7512,82.7004,24.170167922973633,104.91407775878906,24.177032470703125,70.64468383789062,40.3491,23.4406,92.5259,92.5437,0.0,33.7651,0.0,48.1195,0.0,20.89844512939453,0.0,31.125099182128906,0.0,0.0,1.0,1.0,0.0,1.0,0.0,1.0,0.0,1.0,0.0,1.0,0.0,0.0
291,3.5027,1.5268,4.005,1.5078,4.5,5.5,3.8098,2.9771,37.0012,21.4963,85.8587,21.5576,82.6814,24.204113006591797,105.02120208740234,24.210662841796875,70.67518615722656,40.3998,23.2447,92.4656,92.4834,0.0,33.6499,0.0,48.0242,0.0,20.818723678588867,0.0,31.11519432067871,0.0,0.0,1.0,1.0,0.0,1.0,0.0,1.0,0.0,1.0,0.0,1.0,0.0,0.0
292,3.5608,1.31,4.0999,1.5528,4.5,5.5,3.9182,2.9772,37.033,21.3037,85.8544,21.3645,82.6621,24.23800277709961,105.1276626586914,24.2441349029541,70.70563507080078,40.4504,23.0493,92.4055,92.4232,0.0,33.5347,0.0,47.928999999999995,0.0,20.739164352416992,0.0,31.105276107788086,0.0,0.0,1.0,1.0,0.0,1.0,0.0,1.0,0.0,1.0,0.0,1.0,0.0,0.0
293,3.6189,1.0939,4.1941,1.5971,4.5,5.5,4.0264,2.9772,37.0648,21.1116,85.85,21.1718,82.6422,24.271800994873047,105.23338317871094,24.277416229248047,70.73600769042969,40.5009,22.8543,92.3454,92.3632,0.0,33.4194,0.0,47.8341,0.0,20.659852981567383,0.0,31.095354080200195,0.0,0.0,1.0,1.0,0.0,1.0,0.0,1.0,0.0,1.0,0.0,1.0,0.0,0.0
294,3.6768,0.8782,4.2876,1.6405,4.5,5.5,4.1343,2.9778,37.7543,21.105999999999998,87.8972,21.1602,83.62299999999998,25.612018585205078,109.03414916992188,25.507993698120117,71.94979095458984,41.2947,22.8229,91.0366,91.054,0.0,32.1278,0.0,47.2833,0.0,17.575735092163086,0.0,30.668563842773438,0.0,0.0,1.0,1.0,0.0,1.0,0.0,1.0,0.0,1.0,0.0,1.0,0.0,0.0
295,3.7517,0.6675,4.3992,1.7378,4.5,5.5,4.3166,2.9778,37.7947,20.9211,87.8962,20.9748,83.6384,25.651548385620117,109.1342544555664,25.54153823852539,71.9857177734375,41.3591,22.6351,90.9597,90.977,0.0,32.0091,0.0,47.1705,0.0,17.48784828186035,0.0,30.65455436706543,0.0,0.0,1.0,1.0,0.0,1.0,0.0,1.0,0.0,1.0,0.0,1.0,0.0,0.0
296,3.8264,0.4575,4.51,1.8339,4.5,5.5,4.4983,2.9756,35.2343,25.4364,89.6844,25.4968,85.0144,24.821258544921875,106.887451171875,24.803936004638672,71.23382568359375,28.5438,27.6438,95.788,95.8068,0.0,33.7196,0.0,48.8899,0.0,19.373140335083008,0.0,30.929950714111328,0.0,108.8872,1.0,1.0,0.0,1.0,0.0,1.0,0.0,1.0,0.0,1.0,0.0,1.0
297,3.7855,0.5272,4.6312,1.9448,4.5,5.5,4.6704,2.9756,35.2201,25.4896,89.7797,25.5498,85.1091,24.817584991455078,106.87692260742188,24.800561904907227,71.23058319091797,28.5926,27.6926,95.8145,95.8333,0.0,33.694,0.0,48.8677,0.0,19.381486892700195,0.0,30.93111228942871,0.0,108.39,1.0,1.0,0.0,1.0,0.0,1.0,0.0,1.0,0.0,1.0,0.0,1.0
298,3.7534,0.5966,4.7524,2.0555,4.5,5.4802,4.7032,2.9760000000000004,35.7162,25.6981,90.7414,25.7562,85.7141,30.161746978759766,113.35047912597656,30.181921005249023,58.48108673095703,28.8112,27.9112,94.8861,94.9046,0.0,33.2313,0.0,48.6551,0.0,17.242639541625977,0.0,0.0,0.0,110.9505,1.0,1.0,0.0,1.0,0.0,1.0,0.0,1.0,0.0,0.0,0.0,1.0
299,3.7652,0.6738,4.8801,2.1877,4.5,5.4055,4.343,2.9760000000000004,35.7274,25.7647,90.845,25.8227,85.8265,30.162595748901367,113.3509521484375,30.183246612548828,58.47937774658203,28.8747,27.9747,94.8651,94.8836,0.0,33.2083,0.0,48.6305,0.0,17.242237091064453,0.0,0.0,0.0,110.6361,1.0,1.0,0.0,1.0,0.0,1.0,0.0,1.0,0.0,0.0,0.0,1.0
300,3.7773,0.7502,5.0077,2.3198,4.5,5.3287,3.9856,2.9760000000000004,35.7388,25.8309,90.9484,25.8888,85.9392,30.1634464263916,113.35143280029297,30.18457794189453,58.477664947509766,28.9379,28.0379,94.8438,94.8622,0.0,33.1852,0.0,48.6055,0.0,17.24183464050293,0.0,0.0,0.0,110.3257,1.0,1.0,0.0,1.0,0.0,1.0,0.0,1.0,0.0,0.0,0.0,1.0
301,3.7897,0.8259,5.1351,2.4516,4.5,5.2498,3.6311,2.9760000000000004,35.7503,25.8966,91.0516,25.9544,86.0516,30.1643009185791,113.35191345214844,30.1859130859375,58.475948333740234,29.0006,28.1006,94.8221,94.8406,0.0,33.162,0.0,48.5804,0.0,17.241430282592773,0.0,0.0,0.0,110.0192,1.0,1.0,0.0,1.0,0.0,1.0,0.0,1.0,0.0,0.0,0.0,1.0
302,3.8024,0.9009,5.2624,2.5833,4.5,5.1689,3.2792,2.9763,36.0104,26.0889,92.8608,26.1421,87.2184,30.18557357788086,113.36557006835938,30.22071647644043,58.43142318725586,29.1769,28.2769,94.334,94.3523,0.0,32.1402,0.0,48.0502,0.0,17.231075286865234,0.0,0.0,0.0,110.7236,1.0,1.0,0.0,1.0,0.0,1.0,0.0,1.0,0.0,0.0,0.0,1.0
303,3.8331,1.0281,5.2595,2.761,4.5,5.1086,3.0719,2.9764,36.1847,27.928,76.2251,27.8895,87.8812,30.18914222717285,113.36769104003906,30.226417541503906,58.42427062988281,30.596,29.695999999999998,94.0061,94.0244,0.0,0.0,0.0,48.6371,0.0,17.229280471801758,0.0,0.0,0.0,102.6024,1.0,1.0,0.0,0.0,0.0,1.0,0.0,1.0,0.0,0.0,0.0,1.0
304,3.8664,1.1713,5.2041,2.94,4.5,5.0472,2.8661,2.9764,36.2134,28.0403,76.1697,28.0019,88.0396,30.190214157104492,113.36830139160156,30.228116989135742,58.422157287597656,30.7048,29.8048,93.9521,93.9704,0.0,0.0,0.0,48.6124,0.0,17.228742599487305,0.0,0.0,0.0,102.1404,1.0,1.0,0.0,0.0,0.0,1.0,0.0,1.0,0.0,0.0,0.0,1.0
305,3.9001,1.3133,5.1486,3.1188,4.5,4.9844,2.6622,2.9765,36.2423,28.151999999999997,76.1142,28.1136,88.1977,30.1912899017334,113.36891174316406,30.22981071472168,58.420047760009766,30.8131,29.9131,93.8978,93.916,0.0,0.0,0.0,48.5876,0.0,17.228200912475586,0.0,0.0,0.0,101.68299999999999,1.0,1.0,0.0,0.0,0.0,1.0,0.0,1.0,0.0,0.0,0.0,1.0
306,3.9276,1.4532,5.0932,3.2972,4.5,4.9528,2.5545,2.9763,36.0746,28.2014,76.6669,28.1642,89.8054,27.338136672973633,112.73702239990234,26.852645874023438,73.39144134521484,30.8409,29.9409,94.2132,94.2315,0.0,0.0,0.0,47.7403,0.0,14.09910774230957,0.0,29.817472457885742,0.0,99.4513,1.0,1.0,0.0,0.0,0.0,1.0,0.0,1.0,0.0,1.0,0.0,1.0
307,3.9343,1.6003,5.048,3.4789,4.5,5.0532,2.8215,2.9766,36.383,31.1095,76.6217,31.1095,69.0167,27.397951126098633,112.84022521972656,26.897930145263672,73.42718505859375,33.4652,32.5652,93.6329,93.6511,0.0,0.0,0.0,0.0,0.0,13.998401641845703,0.0,29.76839828491211,0.0,82.0389,1.0,1.0,0.0,0.0,0.0,0.0,0.0,1.0,0.0,1.0,0.0,1.0
308,3.9579,1.8176,5.0028,3.3062,4.5,5.1543,3.0872,2.9766,36.4132,31.2488,76.5764,31.2488,68.844,27.413410186767578,112.86669921875,26.909643173217773,73.43619537353516,33.5999,32.6999,93.5759,93.5941,0.0,0.0,0.0,0.0,0.0,13.972532272338867,0.0,29.75537872314453,0.0,81.27,1.0,1.0,0.0,0.0,0.0,0.0,0.0,1.0,0.0,1.0,0.0,1.0
309,3.9821,2.0333,4.9576,3.1335,4.5,5.2558,3.3516,2.9767,36.444,31.3876,76.5312,31.3876,68.6713,27.42898941040039,112.89325714111328,26.921463012695312,73.44512939453125,33.7342,32.8342,93.5181,93.5362,0.0,0.0,0.0,0.0,0.0,13.946595191955566,0.0,29.742061614990234,0.0,80.5059,1.0,1.0,0.0,0.0,0.0,0.0,0.0,1.0,0.0,1.0,0.0,1.0
310,4.0072,2.2465,4.9124,2.9608,4.5,5.358,3.6141,2.9766,36.3763,31.4689,76.0574,31.4689,67.6617,26.442453384399414,110.98692321777344,26.178449630737305,72.69607543945312,33.8077,32.9077,93.6456,93.6637,0.0,0.0,0.0,0.0,0.0,15.794987678527832,0.0,30.34104347229004,0.0,79.1787,1.0,1.0,0.0,0.0,0.0,0.0,0.0,1.0,0.0,1.0,0.0,1.0
311,4.0256,2.4567,4.8598,2.7516,4.5,5.4318,3.7310000000000003,2.9766,36.4028,31.6018,76.0048,31.6018,67.4525,26.457122802734375,111.01859283447266,26.189775466918945,72.70882415771484,33.936,33.036,93.5955,93.6136,0.0,0.0,0.0,0.0,0.0,15.764975547790527,0.0,30.334400177001953,0.0,78.3934,1.0,1.0,0.0,0.0,0.0,0.0,0.0,1.0,0.0,1.0,0.0,1.0
312,4.045,2.6646,4.8072,2.5423,4.5,5.5,3.8535,2.9766,36.4376,31.7396,75.9522,31.7396,67.2433,26.654294967651367,111.43635559082031,26.340518951416016,72.8790283203125,34.0697,33.1697,93.53,93.5481,0.0,0.0,0.0,0.0,0.0,15.364799499511719,0.0,30.24211883544922,0.0,77.675,1.0,1.0,0.0,0.0,0.0,0.0,0.0,1.0,0.0,1.0,0.0,1.0
313,4.0661,2.8707,4.7546,2.3331,4.5,5.5,4.0473,2.9767,36.4661,31.8718,75.8996,31.8718,67.03399999999999,26.67221450805664,111.4732894897461,26.354093551635742,72.8940658569336,34.1976,33.2976,93.4763,93.4943,0.0,0.0,0.0,0.0,0.0,15.329280853271484,0.0,30.23320198059082,0.0,76.9109,1.0,1.0,0.0,0.0,0.0,0.0,0.0,1.0,0.0,1.0,0.0,1.0
314,4.088,3.0748,4.702,2.1239,4.5,5.5,4.2404,2.9767,36.4528,31.9311,75.6038,31.9311,65.7291,26.776657104492188,111.68606567382812,26.43277931213379,72.98112487792969,34.2541,33.3541,93.5014,93.5195,0.0,0.0,0.0,0.0,1.0091,15.12350845336914,0.0,30.17999839782715,0.0,76.4057,1.0,1.0,0.0,0.0,0.0,0.0,1.0,1.0,0.0,1.0,0.0,1.0
315,4.1006,3.2307,4.6456,2.0813,4.5,5.5,4.4860000000000015,2.9764,36.1789,29.3807,75.5474,29.3405,87.1787,26.733932495117188,111.60020446777344,26.400609970092773,72.94637298583984,31.9846,31.0846,94.0172,94.0355,0.0,0.0,0.0,49.7696,0.0,15.206222534179688,0.0,30.202571868896484,0.0,92.2654,1.0,1.0,0.0,0.0,0.0,1.0,0.0,1.0,0.0,1.0,0.0,1.0
316,4.1049,3.3435,4.5892,2.2407,4.5,5.5,4.7304,2.9764,36.189,29.4651,75.491,29.425,87.3157,26.745107650756836,111.62289428710938,26.409019470214844,72.95565795898438,32.0654,31.1654,93.9981,94.0163,0.0,0.0,0.0,49.7425,0.0,15.1842679977417,0.0,30.196836471557617,0.0,91.7448,1.0,1.0,0.0,0.0,0.0,1.0,0.0,1.0,0.0,1.0,0.0,1.0
317,4.133,3.4582,4.5328,2.4,4.5,5.4498,4.5562,2.9766,36.4341,29.6655,75.4346,29.6253,87.4873,30.18828582763672,113.36702728271484,30.224905014038086,58.426185607910156,32.2757,31.3757,93.5366,93.5547,0.0,0.0,0.0,49.7573,0.0,17.22965431213379,0.0,0.0,0.0,93.2282,1.0,1.0,0.0,0.0,0.0,1.0,0.0,1.0,0.0,0.0,0.0,1.0
318,4.1705,3.5735,4.4764,2.5593,4.5,5.3779,4.2163,2.9764,36.172,29.6531,74.9582,29.6129,87.4237,30.06694221496582,113.28600311279297,30.02495574951172,58.69682312011719,32.2491,31.3491,94.0301,94.0484,0.0,0.0,0.0,49.7838,0.0,17.28314971923828,0.0,0.0,0.0,91.055,1.0,1.0,0.0,0.0,0.0,1.0,0.0,1.0,0.0,0.0,0.0,1.0
319,4.1922,3.6831,4.4139,2.7112,4.5,5.3021,3.8694,2.9764,36.1924,29.7405,74.8957,29.7003,87.5565,30.068693161010742,113.28717803955078,30.02783203125,58.692691802978516,32.3336,31.4336,93.9918,94.01,0.0,0.0,0.0,49.7603,0.0,17.2824764251709,0.0,0.0,0.0,90.63600000000001,1.0,1.0,0.0,0.0,0.0,1.0,0.0,1.0,0.0,0.0,0.0,1.0
320,4.2142,3.7915,4.3513,2.8628,4.5,5.2243,3.5252,2.9764,36.2129,29.8273,74.8332,29.7871,87.6889,30.070446014404297,113.28834533691406,30.030710220336914,58.688568115234375,32.4175,31.5175,93.9531,93.9713,0.0,0.0,0.0,49.7368,0.0,17.28179931640625,0.0,0.0,0.0,90.2222,1.0,1.0,0.0,0.0,0.0,1.0,0.0,1.0,0.0,0.0,0.0,1.0
321,4.2367,3.8989999999999996,4.2888,3.0142,4.5,5.1445,3.1838,2.9765,36.2337,29.9135,74.7706,29.8734,87.821,30.07219886779785,113.28950500488281,30.033584594726562,58.684452056884766,32.5009,31.6009,93.9141,93.9323,0.0,0.0,0.0,49.7131,0.0,17.28112030029297,0.0,0.0,0.0,89.8135,1.0,1.0,0.0,0.0,0.0,1.0,0.0,1.0,0.0,0.0,0.0,1.0
322,4.2595,4.0054,4.2263,3.1654,4.5,5.0628,2.8449,2.9762,35.9343,29.8423,70.2796,29.7999,84.7227,30.089174270629883,113.30098724365234,30.061594009399414,58.64468002319336,32.43,31.53,94.4769,94.4953,0.0,0.0,0.0,51.2403,0.0,17.274429321289062,0.0,0.0,0.0,88.2163,1.0,1.0,0.0,0.0,0.0,1.0,0.0,1.0,0.0,0.0,0.0,1.0
323,4.2643,4.1027,4.1166,3.1335,4.5,4.9946,2.5141,2.9761,35.8139,29.855999999999998,70.1699,29.8135,84.7016,23.808818817138672,103.74372100830078,23.811845779418945,70.31861114501953,32.4335,31.5335,94.7029,94.7213,0.0,0.0,0.0,51.2574,0.0,21.751161575317383,0.0,31.2286434173584,0.0,86.5847,1.0,1.0,0.0,0.0,0.0,1.0,0.0,1.0,0.0,1.0,0.0,1.0
324,4.2412,4.1965,4.0069,3.1017,4.5,5.0531,2.5863,2.9761,35.81,29.92,70.0603,29.8775,84.6924,23.805896759033203,103.73408508300781,23.80888557434082,70.3160171508789,32.4942,31.5942,94.7102,94.7286,0.0,0.0,0.0,51.2935,0.0,21.757965087890625,0.0,31.22947120666504,0.0,86.0228,1.0,1.0,0.0,0.0,0.0,1.0,0.0,1.0,0.0,1.0,0.0,1.0
325,4.2187,4.2886,3.8973,3.0702,4.5,5.1116,2.658,2.9761,35.8063,29.9832,69.9506,29.9407,84.6833,23.803186416625977,103.72515869140625,23.806142807006836,70.31360626220703,32.5542,31.6542,94.71700000000001,94.7355,0.0,0.0,0.0,51.32899999999999,0.0,21.764263153076172,0.0,31.23023796081543,0.0,85.4675,1.0,1.0,0.0,0.0,0.0,1.0,0.0,1.0,0.0,1.0,0.0,1.0
326,4.1969,4.3792,3.7876,3.0389999999999997,4.5,5.1701,2.7293,2.9757,35.4053,29.9637,71.2355,29.9219,85.6613,23.05063247680664,101.1267318725586,23.013994216918945,69.62958526611328,32.5134,31.6134,95.4685,95.4871,0.0,0.0,0.0,50.8352,0.0,23.53304672241211,0.0,31.436786651611328,0.0,82.5456,1.0,1.0,0.0,0.0,0.0,1.0,0.0,1.0,0.0,1.0,0.0,1.0
327,4.1604,4.4634,3.6906,3.0833,4.5,5.1875,2.6376,2.9757,35.3955,30.0208,71.1385,29.979,85.7089,23.036436080932617,101.07573699951172,22.9986515045166,69.61654663085938,32.5669,31.6669,95.4866,95.5053,0.0,0.0,0.0,50.8399,0.0,23.56623077392578,0.0,31.44058609008789,0.0,81.9483,1.0,1.0,0.0,0.0,0.0,1.0,0.0,1.0,0.0,1.0,0.0,1.0
328,4.1246,4.5459,3.5936,3.1276,4.5,5.2039,2.5472,2.9757,35.3861,30.076999999999998,71.0415,30.0352,85.7563,23.02253532409668,101.0257339477539,22.983613967895508,69.60376739501953,32.6197,31.7197,95.5043,95.523,0.0,0.0,0.0,50.8443,0.0,23.598718643188477,0.0,31.444297790527344,0.0,81.3577,1.0,1.0,0.0,0.0,0.0,1.0,0.0,1.0,0.0,1.0,0.0,1.0
329,4.0897,4.6265,3.4966,3.1719999999999997,4.5,5.2191,2.4587,2.9757,35.3769,30.1321,70.9445,30.0903,85.8035,23.008949279785156,100.976806640625,22.968902587890625,69.59127044677734,32.6714,31.7714,95.5215,95.5402,0.0,0.0,0.0,50.8482,0.0,23.630462646484375,0.0,31.447925567626953,0.0,80.7768,1.0,1.0,0.0,0.0,0.0,1.0,0.0,1.0,0.0,1.0,0.0,1.0
330,4.0553,4.7059,3.3996,3.2164,4.5,5.2335,2.3713,2.9759,35.6292,30.2828,70.986,30.2422,87.5306,22.99768829345703,100.93620300292969,22.956884384155273,69.58079528808594,32.8207,31.9207,95.0491,95.0677,0.0,0.0,0.0,50.0522,0.0,23.65671157836914,0.0,31.450883865356445,0.0,81.4743,1.0,1.0,0.0,0.0,0.0,1.0,0.0,1.0,0.0,1.0,0.0,1.0
331,4.0308,4.7893,3.304,3.3452,4.5,5.2661,2.3489,2.9759,35.6248,30.3426,70.8903,30.3021,87.6395,22.990182876586914,100.90913391113281,22.948755264282227,69.57389831542969,32.876999999999995,31.976999999999997,95.0575,95.07600000000001,0.0,0.0,0.0,50.0272,0.0,23.674222946166992,0.0,31.452884674072266,0.0,80.9167,1.0,1.0,0.0,0.0,0.0,1.0,0.0,1.0,0.0,1.0,0.0,1.0
332,4.0071,4.8713,3.2083,3.4738,4.5,5.2983,2.3271,2.9759,35.6205,30.4016,70.7947,30.3611,87.7479,22.982873916625977,100.88274383544922,22.940839767456055,69.56717681884766,32.9326,32.0326,95.0654,95.0839,0.0,0.0,0.0,50.0018,0.0,23.691261291503906,0.0,31.454832077026367,0.0,80.3655,1.0,1.0,0.0,0.0,0.0,1.0,0.0,1.0,0.0,1.0,0.0,1.0
333,3.9975,5.0204,3.1127,3.28,4.5,5.33,2.3063,2.9761,35.8695,32.7029,70.699,32.7027,66.4799,23.042949676513672,101.09909057617188,23.005815505981445,69.62236022949219,34.9645,34.0645,94.5985,94.617,0.0,0.0,0.0,0.0,2.6398,23.551088333129883,0.0,31.438796997070312,0.0,64.6272,1.0,1.0,0.0,0.0,0.0,0.0,1.0,1.0,0.0,1.0,0.0,1.0
334,3.9916,5.1849,3.017,3.0079,4.5,5.3615,2.286,2.9763,36.0744,32.4739,69.9817,32.4714,65.3394,23.51701545715332,102.76197052001953,23.510038375854492,70.05487060546875,34.7634,33.8634,94.2137,94.23200000000001,0.0,0.0,0.0,0.0,11.0593,22.43831443786621,0.0,31.310083389282227,0.0,68.1003,1.0,1.0,0.0,0.0,0.0,0.0,1.0,1.0,0.0,1.0,0.0,1.0
335,3.995,5.3358,2.9155,2.6702,4.5,5.4104,2.3378,2.9762,35.9263,30.8408,89.1416,30.9576,64.1582,23.496868133544922,102.69305419921875,23.488996505737305,70.03668212890625,33.4554,32.5554,94.4919,94.5103,0.0,37.1406,0.0,0.0,9.3269,22.485576629638672,0.0,31.315649032592773,0.0,78.3954,1.0,1.0,0.0,1.0,0.0,0.0,1.0,1.0,0.0,1.0,0.0,1.0
336,3.987,5.4205,3.0397,2.3171,4.5,5.4591,2.3892,2.9762,35.9269,30.8804,89.235,30.9968,64.0941,23.497568130493164,102.69546508789062,23.489748001098633,70.03733825683594,33.4964,32.5964,94.4908,94.5092,0.0,37.1112,0.0,0.0,9.9173,22.483888626098633,0.0,31.315458297729492,0.0,78.0305,1.0,1.0,0.0,1.0,0.0,0.0,1.0,1.0,0.0,1.0,0.0,1.0
337,3.9789999999999996,5.4942,3.1636,2.0003,4.5,5.5,2.4488,2.9761,35.8525,29.8199,88.9284,29.8931,84.2358,23.661733627319336,103.2538833618164,23.661550521850586,70.18660736083984,32.8271,31.9271,94.6304,94.6488,0.0,36.6974,0.0,51.5251,0.0,22.09552764892578,0.0,31.269926071166992,0.0,82.9279,1.0,1.0,0.0,1.0,0.0,1.0,0.0,1.0,0.0,1.0,0.0,1.0
338,3.9667,5.4802,3.2851,2.0042,4.5,5.5,2.5521,2.9761,35.7838,29.843000000000004,91.3053,29.9091,84.9588,24.43398666381836,105.73485565185547,24.435699462890625,70.88291931152344,32.8214,31.9214,94.7592,94.7777,0.0,35.3694,0.0,51.1776,0.0,20.278303146362305,0.0,31.047542572021484,0.0,82.4955,1.0,1.0,0.0,1.0,0.0,1.0,0.0,1.0,0.0,1.0,0.0,1.0
339,3.9539999999999997,5.4694,3.4239,2.0555,4.5,5.5,2.7258,2.9761,35.7767,29.8338,91.38600000000001,29.8997,84.9943,24.438453674316406,105.74857330322266,24.440073013305664,70.88700103759766,32.8111,31.9111,94.7726,94.7911,0.0,35.3176,0.0,51.1555,0.0,20.26770782470703,0.0,31.046218872070312,0.0,82.4855,1.0,1.0,0.0,1.0,0.0,1.0,0.0,1.0,0.0,1.0,0.0,1.0
340,3.9413,5.4589,3.5622,2.1066,4.5,5.5,2.8984,2.9761,35.7696,29.8249,91.4665,29.8904,85.0295,24.442996978759766,105.76251220703125,24.444515228271484,70.89115142822266,32.801,31.901,94.7859,94.8043,0.0,35.2659,0.0,51.1335,0.0,20.256935119628906,0.0,31.044870376586914,0.0,82.4749,1.0,1.0,0.0,1.0,0.0,1.0,0.0,1.0,0.0,1.0,0.0,1.0
341,3.9288,5.4485,3.7003,2.1575,4.5,5.5,3.0701,2.9761,35.7626,29.8161,91.5469,29.8814,85.0647,24.447492599487305,105.77629089355469,24.448911666870117,70.89525604248047,32.791,31.891,94.79899999999999,94.8175,0.0,35.2142,0.0,51.1116,0.0,20.246273040771484,0.0,31.043537139892578,0.0,82.4637,1.0,1.0,0.0,1.0,0.0,1.0,0.0,1.0,0.0,1.0,0.0,1.0
342,3.9163,5.4382,3.8381,2.2083,4.5,5.5,3.2411,2.9763,35.9987,29.7964,89.5494,29.8687,85.727,25.842124938964844,109.60638427734375,25.699644088745117,72.1597900390625,32.7964,31.8964,94.3558,94.3742,0.0,36.3394,0.0,50.7758,0.0,17.06854248046875,0.0,30.585420608520508,0.0,84.0928,1.0,1.0,0.0,1.0,0.0,1.0,0.0,1.0,0.0,1.0,0.0,1.0
343,3.9181,5.4302,3.9597,2.2932,4.5,5.5,3.2701,2.9763,35.999,29.7904,89.6243,29.8625,85.7868,25.844131469726562,109.61128997802734,25.701303482055664,72.16161346435547,32.7896,31.8896,94.3554,94.3737,0.0,36.2941,0.0,50.7427,0.0,17.064136505126953,0.0,30.584680557250977,0.0,84.1545,1.0,1.0,0.0,1.0,0.0,1.0,0.0,1.0,0.0,1.0,0.0,1.0
344,3.9198,5.4226,4.0811,2.3778,4.5,5.5,3.299,2.9763,35.9992,29.7846,89.6993,29.8565,85.8466,25.846115112304688,109.61613464355469,25.702951431274414,72.16342163085938,32.7831,31.8831,94.355,94.3733,0.0,36.2489,0.0,50.7097,0.0,17.059772491455078,0.0,30.58394432067871,0.0,84.2136,1.0,1.0,0.0,1.0,0.0,1.0,0.0,1.0,0.0,1.0,0.0,1.0
345,3.9215,5.4153,4.2022,2.4622,4.5,5.5,3.3278,2.9763,35.9994,29.7792,89.7742,29.8509,85.9064,25.848058700561523,109.62086486816406,25.70455551147461,72.16519165039062,32.7769,31.8769,94.3546,94.3729,0.0,36.2039,0.0,50.6769,0.0,17.055509567260742,0.0,30.583227157592773,0.0,84.27,1.0,1.0,0.0,1.0,0.0,1.0,0.0,1.0,0.0,1.0,0.0,1.0
346,3.9231,5.4084,4.323,2.5462,4.5,5.5,3.3564,2.9760000000000004,35.6602,29.7584,89.9278,29.8294,85.7348,25.73704719543457,109.34825134277344,25.612348556518555,72.06478881835938,32.7427,31.8427,94.9911,95.0096,0.0,36.1059,0.0,50.7521,0.0,17.298521041870117,0.0,30.62418556213379,0.0,82.1947,1.0,1.0,0.0,1.0,0.0,1.0,0.0,1.0,0.0,1.0,0.0,1.0
347,3.9098,5.396,4.4442,2.6181,4.5,5.5,3.4034,2.9760000000000004,35.6525,29.7478,90.0007,29.8186,85.7844,25.733797073364258,109.3402099609375,25.609638214111328,72.0618667602539,32.7309,31.8309,95.0055,95.024,0.0,36.0588,0.0,50.7219,0.0,17.305625915527344,0.0,30.62537384033203,0.0,82.1899,1.0,1.0,0.0,1.0,0.0,1.0,0.0,1.0,0.0,1.0,0.0,1.0
348,3.8965,5.3838,4.5651,2.6897,4.5,5.5,3.4502,2.9760000000000004,35.6449,29.7374,90.0735,29.8079,85.8337,25.7305850982666,109.3322525024414,25.60695457458496,72.0589828491211,32.7194,31.8194,95.0198,95.0383,0.0,36.0118,0.0,50.6918,0.0,17.31265640258789,0.0,30.626554489135742,0.0,82.1841,1.0,1.0,0.0,1.0,0.0,1.0,0.0,1.0,0.0,1.0,0.0,1.0
349,3.8834,5.3718,4.6857,2.761,4.5,5.5,3.4967,2.9759,35.6373,29.7271,90.1462,29.7974,85.8829,25.727375030517578,109.32428741455078,25.60426902770996,72.05609130859375,32.7079,31.8079,95.03399999999999,95.0525,0.0,35.965,0.0,50.6618,0.0,17.319684982299805,0.0,30.627727508544922,0.0,82.1776,1.0,1.0,0.0,1.0,0.0,1.0,0.0,1.0,0.0,1.0,0.0,1.0
350,3.8702,5.36,4.8061,2.8321,4.5,5.5,3.5429,2.9760000000000004,35.6769,29.7371,91.4545,29.8034,86.1203,25.286813735961914,108.18446350097656,25.225521087646484,71.65519714355469,32.7057,31.8057,94.9599,94.9784,0.0,35.2221,0.0,50.5455,0.0,18.306495666503906,0.0,30.780208587646484,0.0,82.4001,1.0,1.0,0.0,1.0,0.0,1.0,0.0,1.0,0.0,1.0,0.0,1.0
351,3.8579,5.3511,4.9358,2.9127,4.5,5.5,3.6527,2.9760000000000004,35.67,29.7298,91.5317,29.7958,86.1768,25.287338256835938,108.18592834472656,25.226009368896484,71.65571594238281,32.696999999999996,31.796999999999997,94.9726,94.9912,0.0,35.173,0.0,50.5132,0.0,18.30519676208496,0.0,30.78005027770996,0.0,82.38,1.0,1.0,0.0,1.0,0.0,1.0,0.0,1.0,0.0,1.0,0.0,1.0
352,3.8457,5.3423,5.0653,2.9930000000000003,4.5,5.5,3.7619,2.9760000000000004,35.6633,29.7225,91.6089,29.7883,86.2331,25.287870407104492,108.18741607666016,25.226503372192383,71.65624237060547,32.6885,31.7885,94.9853,95.0039,0.0,35.124,0.0,50.481,0.0,18.303882598876953,0.0,30.77988624572754,0.0,82.3593,1.0,1.0,0.0,1.0,0.0,1.0,0.0,1.0,0.0,1.0,0.0,1.0
353,3.8335,5.3337,5.1944,3.0731,4.5,5.5,3.8705,2.9760000000000004,35.6565,29.7155,91.6859,29.781,86.2894,25.288433074951172,108.1889877319336,25.22702407836914,71.65679931640625,32.6802,31.7802,94.9979,95.0164,0.0,35.0751,0.0,50.4489,0.0,18.302505493164062,0.0,30.779714584350586,0.0,82.3382,1.0,1.0,0.0,1.0,0.0,1.0,0.0,1.0,0.0,1.0,0.0,1.0
354,3.8223,5.3398,5.2849,3.1534,4.5,5.5,3.9785,2.9758,35.4985,30.6977,72.2508,30.6566,87.2227,23.733972549438477,103.49664306640625,23.736520767211914,70.2525863647461,33.2102,32.3102,95.2939,95.3125,0.0,0.0,0.0,50.4197,0.0,21.923913955688477,0.0,31.249797821044922,0.0,76.6587,1.0,1.0,0.0,0.0,0.0,1.0,0.0,1.0,0.0,1.0,0.0,1.0
355,3.8027,5.4094,5.1834,3.2665,4.5,5.5,4.0634,2.9758,35.4955,30.7495,72.1493,30.7084,87.3189,23.732877731323242,103.49302673339844,23.735429763793945,70.25164794921875,33.2589,32.3589,95.2996,95.3182,0.0,0.0,0.0,50.3972,0.0,21.926406860351562,0.0,31.250106811523438,0.0,76.1641,1.0,1.0,0.0,0.0,0.0,1.0,0.0,1.0,0.0,1.0,0.0,1.0
356,3.7837,5.4778,5.0818,3.3795,4.5,5.5,4.1479,2.9758,35.4926,30.8005,72.0478,30.7594,87.4144,23.731904983520508,103.48981475830078,23.73445701599121,70.25080108642578,33.3071,32.4071,95.3049,95.3235,0.0,0.0,0.0,50.3747,0.0,21.928625106811523,0.0,31.25037956237793,0.0,75.6763,1.0,1.0,0.0,0.0,0.0,1.0,0.0,1.0,0.0,1.0,0.0,1.0
357,3.7655,5.5447,4.9803,3.4923,4.5,5.5,4.2318,2.9774,37.3262,28.5923,71.9463,28.5525,86.8688,24.325563430786133,105.40019226074219,24.32998275756836,70.78392791748047,40.8199,29.9642,91.8499,91.8675,0.0,0.0,0.0,49.5217,0.0,20.53453254699707,0.0,31.079423904418945,0.0,0.0,1.0,1.0,0.0,0.0,0.0,1.0,0.0,1.0,0.0,1.0,0.0,0.0
358,3.8272,5.535,4.8788,3.2098,4.5,5.5,4.3212,2.9777,37.6578,30.534000000000002,72.6497,30.534000000000002,64.3327,25.660263061523438,109.1559829711914,25.548715591430664,71.99358367919922,41.2292,31.7241,91.2201,91.2376,0.0,0.0,0.0,0.0,0.8598,17.468914031982422,0.0,30.651399612426758,0.0,0.0,1.0,1.0,0.0,0.0,0.0,0.0,1.0,1.0,0.0,1.0,0.0,0.0
359,3.8978,5.5323,4.7849,2.8825,4.5,5.5,4.4715,2.9777,37.696,30.5288,72.5558,30.5287,64.3222,25.696168899536133,109.24616241455078,25.579008102416992,72.02619934082031,41.29,31.7191,91.1475,91.1649,0.0,0.0,0.0,0.0,1.6274,17.389373779296875,0.0,30.638540267944336,0.0,0.0,1.0,1.0,0.0,0.0,0.0,0.0,1.0,1.0,0.0,1.0,0.0,0.0
360,3.9683,5.528,4.6911,2.5602,4.5,5.5,4.6215,2.9778,37.7342,30.521,72.462,30.5208,64.3037,25.731826782226562,109.33512878417969,25.608959197998047,72.05857849121094,41.3507,31.7116,91.0749,91.0923,0.0,0.0,0.0,0.0,2.3649,17.310596466064453,0.0,30.62567138671875,0.0,0.0,1.0,1.0,0.0,0.0,0.0,0.0,1.0,1.0,0.0,1.0,0.0,0.0
361,4.0386,5.5217,4.5973,2.2441,4.5,5.5,4.771,2.9778,37.7722,30.5104,72.3682,30.5102,64.2764,25.767173767089844,109.42276000976562,25.638517379760742,72.09064483642578,41.4113,31.7014,91.0025,91.0199,0.0,0.0,0.0,0.0,3.0684,17.232725143432617,0.0,30.612810134887695,0.0,0.0,1.0,1.0,0.0,0.0,0.0,0.0,1.0,1.0,0.0,1.0,0.0,0.0
362,4.1354,5.5131,4.5034,1.9356,4.5,5.4294,4.4556,2.9783,38.3627,28.4846,71.8789,28.4432,84.7427,30.166444778442383,113.35263061523438,30.188783645629883,58.47233963012695,42.4097,29.8636,89.8762,89.8933,0.0,0.0,0.0,50.5543,0.0,17.240053176879883,0.0,0.0,0.0,0.0,1.0,1.0,0.0,0.0,0.0,1.0,0.0,1.0,0.0,0.0,0.0,0.0
363,4.2341,5.3789,4.4057,1.9955,4.5,5.3370000000000015,4.0124,2.9784,38.4148,28.3556,71.7812,28.3144,84.7524,30.169097900390625,113.35421752929688,30.193017959594727,58.46689987182617,42.4922,29.7342,89.7767,89.7937,0.0,0.0,0.0,50.4844,0.0,17.238773345947266,0.0,0.0,0.0,0.0,1.0,1.0,0.0,0.0,0.0,1.0,0.0,1.0,0.0,0.0,0.0,0.0
364,4.3327,5.2449,4.3081,2.0548,4.5,5.2424,3.5722,2.9784,38.4667,28.2268,71.6835,28.1857,84.7615,30.171701431274414,113.35577392578125,30.197174072265625,58.461585998535156,42.5745,29.6049,89.6774,89.6944,0.0,0.0,0.0,50.4148,0.0,17.237504959106445,0.0,0.0,0.0,0.0,1.0,1.0,0.0,0.0,0.0,1.0,0.0,1.0,0.0,0.0,0.0,0.0
365,4.431,5.1111,4.2104,2.1134,4.5,5.1456,3.1348,2.9784,38.5186,28.0982,71.5858,28.0571,84.7701,30.17426300048828,113.35729217529297,30.201250076293945,58.456382751464844,42.6567,29.4757,89.5781,89.5951,0.0,0.0,0.0,50.3453,0.0,17.236257553100586,0.0,0.0,0.0,0.0,1.0,1.0,0.0,0.0,0.0,1.0,0.0,1.0,0.0,0.0,0.0,0.0
366,4.529,4.9776,4.1127,2.1714,4.5,5.0464,2.7009,2.9909,25.9363,27.9248,70.0708,27.8829,83.5313,30.12201499938965,113.32334899902344,30.115901947021484,58.569297790527344,38.6364,29.3061,112.6923,0.0,0.0,0.0,0.0,50.8806,0.0,17.26062774658203,0.0,0.0,0.0,0.0,1.0,0.0,0.0,0.0,0.0,1.0,0.0,1.0,0.0,0.0,0.0,0.0
367,4.5139,4.8426,4.0022,2.1384,4.5,5.0299,2.5263,2.9908,25.6818,27.7926,69.9603,27.7508,83.4749,24.38288688659668,105.57628631591797,24.384521484375,70.83553314208984,38.3379,29.1736,113.1411,0.0,0.0,0.0,0.0,50.8428,0.0,20.40186882019043,0.0,31.062578201293945,0.0,0.0,1.0,0.0,0.0,0.0,0.0,1.0,0.0,1.0,0.0,1.0,0.0,0.0
368,4.4826,4.7076,3.8917,2.1052,4.5,5.0829,2.5734,2.9908,25.6566,27.6605,69.8498,27.6188,83.4182,24.371166229248047,105.54026794433594,24.37313461303711,70.82502746582031,38.3083,29.0413,113.1855,0.0,0.0,0.0,0.0,50.8051,0.0,20.42923355102539,0.0,31.066070556640625,0.0,0.0,1.0,0.0,0.0,0.0,0.0,1.0,0.0,1.0,0.0,1.0,0.0,0.0
369,4.4513,4.5728,3.7812,2.0717,4.5,5.1357,2.6203,2.9908,25.6314,27.5285,69.7393,27.4868,83.3614,24.35943603515625,105.50416564941406,24.361726760864258,70.81451416015625,38.2787,28.909000000000002,113.2299,0.0,0.0,0.0,0.0,50.7676,0.0,20.456619262695312,0.0,31.069561004638672,0.0,0.0,1.0,0.0,0.0,0.0,0.0,1.0,0.0,1.0,0.0,1.0,0.0,0.0
370,4.4201,4.4381,3.6707,2.0379,4.5,5.1884,2.667,2.9908,25.8544,27.4244,70.7813,27.3833,84.0764,23.040523529052734,101.09041595458984,23.003414154052734,69.62005615234375,38.4217,28.802,112.8368,0.0,0.0,0.0,0.0,50.3554,0.0,23.55663299560547,0.0,31.439395904541016,0.0,0.0,1.0,0.0,0.0,0.0,0.0,1.0,0.0,1.0,0.0,1.0,0.0,0.0
371,4.3954,4.3045,3.5705,2.0655,4.5,5.2345,2.6864,2.9908,25.8345,27.2951,70.6812,27.2542,84.0639,23.0314998626709,101.05799865722656,22.993680953979492,69.61177825927734,38.3983,28.6724,112.87200000000001,0.0,0.0,0.0,0.0,50.2962,0.0,23.577669143676758,0.0,31.441810607910156,0.0,0.0,1.0,0.0,0.0,0.0,0.0,1.0,0.0,1.0,0.0,1.0,0.0,0.0
372,4.3708,4.171,3.4703,2.0926,4.5,5.2803,2.7060000000000004,2.9908,25.8146,27.166,70.581,27.1251,84.0508,23.02250099182129,101.02564239501953,22.983966827392578,69.60353088378906,38.375,28.5429,112.90700000000001,0.0,0.0,0.0,0.0,50.2372,0.0,23.598649978637695,0.0,31.4442138671875,0.0,0.0,1.0,0.0,0.0,0.0,0.0,1.0,0.0,1.0,0.0,1.0,0.0,0.0
373,4.3463,4.0377,3.3702,2.1193,4.5,5.3259,2.7256,2.9908,25.7948,27.037,70.4808,26.9963,84.0373,23.013559341430664,100.99347686767578,22.974315643310547,69.5953369140625,38.3517,28.4135,112.94200000000001,0.0,0.0,0.0,0.0,50.1785,0.0,23.619482040405273,0.0,31.446598052978516,0.0,0.0,1.0,0.0,0.0,0.0,0.0,1.0,0.0,1.0,0.0,1.0,0.0,0.0
374,4.3218,3.9045,3.27,2.1454,4.5,5.3712,2.7452,2.9906,24.9773,26.8945,68.1887,26.8535,83.6437,21.55601692199707,95.41878509521484,21.328514099121094,68.18562316894531,37.6634,28.2718,114.3798,0.0,0.0,0.0,0.0,50.3061,0.0,26.95309829711914,0.0,31.81955337524414,0.0,0.0,1.0,0.0,0.0,0.0,0.0,1.0,0.0,1.0,0.0,1.0,0.0,0.0
375,4.269,3.7710000000000004,3.1508,2.1429,4.5,5.3895,2.6672,2.9906,24.9348,26.7646,68.0695,26.7236,83.6097,21.53974723815918,95.35354614257812,21.309438705444336,68.16883087158203,37.6135,28.1415,114.4545,0.0,0.0,0.0,0.0,50.2574,0.0,26.989187240600586,0.0,31.823570251464844,0.0,0.0,1.0,0.0,0.0,0.0,0.0,1.0,0.0,1.0,0.0,1.0,0.0,0.0
376,4.2163,3.6376,3.0317,2.14,4.5,5.4069,2.5904,2.9906,24.8923,26.6348,67.9503,26.5939,83.5755,21.523662567138672,95.28898620605469,21.29056739807129,68.15219116210938,37.5638,28.0114,114.529,0.0,0.0,0.0,0.0,50.2088,0.0,27.024831771850586,0.0,31.82754135131836,0.0,0.0,1.0,0.0,0.0,0.0,0.0,1.0,0.0,1.0,0.0,1.0,0.0,0.0
377,4.1637,3.5044,2.9125,2.1366,4.5,5.4231,2.515,2.9906,24.8499,23.1936,85.0019,23.261999999999997,82.7483,21.507801055908203,95.22528839111328,21.27194595336914,68.13574981689453,37.5141,24.9758,114.6033,0.0,0.0,35.1693,0.0,48.9064,0.0,27.059953689575195,0.0,31.831449508666992,0.0,0.0,1.0,0.0,0.0,1.0,0.0,1.0,0.0,1.0,0.0,1.0,0.0,0.0
378,4.1112,3.2814,3.0071,2.1222,4.5,5.4385,2.4408,2.9907,25.4923,23.1014,86.8023,23.1635,82.6027,22.062721252441406,97.42252349853516,21.91512680053711,68.69489288330078,38.0302,24.8658,113.4748,0.0,0.0,34.0509,0.0,48.9315,0.0,25.81462860107422,0.0,31.693105697631836,0.0,0.0,1.0,0.0,0.0,1.0,0.0,1.0,0.0,1.0,0.0,1.0,0.0,0.0
379,4.0815,3.0612,3.1175,2.0974,4.5,5.4598,2.3862,2.9907,25.4682,22.9032,86.8,22.9647,82.5353,22.051105499267578,97.37727355957031,21.90184211730957,68.68350982666016,38.0019,24.6649,113.5172,0.0,0.0,33.9326,0.0,48.8617,0.0,25.84099578857422,0.0,31.69603729248047,0.0,0.0,1.0,0.0,0.0,1.0,0.0,1.0,0.0,1.0,0.0,1.0,0.0,0.0
380,4.0518,2.8415,3.2272,2.0719,4.5,5.4805,2.3326,2.9907,25.4442,22.7053,86.7976,22.7664,82.4675,22.03959083557129,97.3323974609375,21.888668060302734,68.67222595214844,37.9737,24.4644,113.5595,0.0,0.0,33.8143,0.0,48.7921,0.0,25.86712074279785,0.0,31.698945999145508,0.0,0.0,1.0,0.0,0.0,1.0,0.0,1.0,0.0,1.0,0.0,1.0,0.0,0.0
381,4.0223,2.6223,3.3361,2.0459,4.5,5.5,2.2805,2.9907,25.4229,22.5079,86.7949,22.5684,82.3994,22.07901954650879,97.48616790771484,21.93408966064453,68.71113586425781,37.9487,24.2644,113.5969,0.0,0.0,33.6959,0.0,48.7229,0.0,25.7769718170166,0.0,31.688961029052734,0.0,0.0,1.0,0.0,0.0,1.0,0.0,1.0,0.0,1.0,0.0,1.0,0.0,0.0
382,3.9930000000000003,2.4036,3.4442,2.0192,4.5,5.5,2.2502,2.9907,25.2464,22.2464,85.6922,22.3099,82.4261,22.580556869506836,99.40238189697266,22.4996395111084,69.19285583496094,37.8104,24.0094,113.9073,0.0,0.0,34.2041,0.0,48.5701,0.0,24.625513076782227,0.0,31.56053924560547,0.0,0.0,1.0,0.0,0.0,1.0,0.0,1.0,0.0,1.0,0.0,1.0,0.0,0.0
383,3.9596,2.1841,3.5416,2.0021,4.5,5.5,2.2502,2.9907,25.2194,22.0489,85.6877,22.1118,82.3643,22.56694984436035,99.35140228271484,22.484519958496094,69.18006134033203,37.7787,23.8092,113.9548,0.0,0.0,34.0883,0.0,48.4969,0.0,24.656940460205078,0.0,31.564069747924805,0.0,0.0,1.0,0.0,0.0,1.0,0.0,1.0,0.0,1.0,0.0,1.0,0.0,0.0
384,3.9262,1.965,3.6383,1.9844,4.5,5.5,2.2501,2.9907,25.1924,21.8517,85.68299999999998,21.9141,82.302,22.553415298461914,99.30062103271484,22.469470977783203,69.16731262207031,37.7471,23.6094,114.0021,0.0,0.0,33.9723,0.0,48.4239,0.0,24.688188552856445,0.0,31.567583084106445,0.0,0.0,1.0,0.0,0.0,1.0,0.0,1.0,0.0,1.0,0.0,1.0,0.0,0.0
385,3.8929,1.7463,3.7344,1.9662,4.5,5.5,2.2498,2.9907,25.1655,21.6549,85.6782,21.7168,82.2395,22.53993797302246,99.25001525878906,22.454471588134766,69.15461730957031,37.7155,23.41,114.0494,0.0,0.0,33.8562,0.0,48.3511,0.0,24.719287872314453,0.0,31.57107925415039,0.0,0.0,1.0,0.0,0.0,1.0,0.0,1.0,0.0,1.0,0.0,1.0,0.0,0.0
386,3.8597,1.5282,3.8297,1.9474,4.5,5.5,2.2493,2.9908,25.8429,21.7402,88.325,21.7951,84.2494,25.13591957092285,107.773681640625,25.090946197509766,71.51768493652344,38.2117,23.4593,112.8572,0.0,0.0,32.2603,0.0,47.2879,0.0,18.651288986206055,0.0,30.829648971557617,0.0,0.0,1.0,0.0,0.0,1.0,0.0,1.0,0.0,1.0,0.0,1.0,0.0,0.0
387,3.8599,1.3171,3.9479,2.0568,4.5,5.5,2.3964,2.9908,25.8431,21.5555,88.3257,21.6099,84.2722,25.144102096557617,107.7962646484375,25.098339080810547,71.52516174316406,38.2121,23.2715,112.8567,0.0,0.0,32.1413,0.0,47.1713,0.0,18.632448196411133,0.0,30.827001571655273,0.0,0.0,1.0,0.0,0.0,1.0,0.0,1.0,0.0,1.0,0.0,1.0,0.0,0.0
388,3.8602,1.1066,4.0654,2.1653,4.5,5.5,2.5428,2.9908,25.8435,21.3713,88.3262,21.4253,84.2944,25.152254104614258,107.81871795654297,25.105690002441406,71.53260040283203,38.2124,23.0843,112.8562,0.0,0.0,32.0222,0.0,47.0547,0.0,18.61369514465332,0.0,30.82436180114746,0.0,0.0,1.0,0.0,0.0,1.0,0.0,1.0,0.0,1.0,0.0,1.0,0.0,0.0
389,3.8604,0.8968,4.1821,2.2728,4.5,5.5,2.6885,2.9908,25.8438,21.1877,88.3265,21.2412,84.3161,25.16037940979004,107.84107971191406,25.113014221191406,71.5400161743164,38.2128,22.8977,112.8556,0.0,0.0,31.9031,0.0,46.9383,0.0,18.595006942749023,0.0,30.82172966003418,0.0,0.0,1.0,0.0,0.0,1.0,0.0,1.0,0.0,1.0,0.0,1.0,0.0,0.0
390,3.8608,0.6875,4.2981,2.3793,4.5,5.5,2.8336,2.991,26.3142,21.1012,89.2162,21.1521,85.0444,26.64000129699707,111.40765380859375,26.329668045043945,72.86782836914062,38.5716,22.7968,112.025,0.0,0.0,31.2622,0.0,46.4713,0.0,15.391703605651855,0.0,30.249805450439453,0.0,0.0,1.0,0.0,0.0,1.0,0.0,1.0,0.0,1.0,0.0,1.0,0.0,0.0
391,3.8727,0.5046,4.4214,2.5179,4.5,5.5,3.1064,2.9903,23.8913,25.2748,90.9664,25.3316,86.4133,25.949993133544922,109.87151336669922,25.788766860961914,72.26229858398438,28.2967,27.3967,116.2801,0.0,0.0,32.8269,0.0,48.0472,0.0,16.825016021728516,0.0,30.54704475402832,0.0,100.3985,1.0,0.0,0.0,1.0,0.0,1.0,0.0,1.0,0.0,1.0,0.0,1.0
392,3.7829,0.5564,4.5534,2.6689,4.5,5.5,3.3702,2.9903,23.8468,25.3113,91.0601,25.368000000000002,86.5296,25.938148498535156,109.8433609008789,25.779142379760742,72.2517318725586,28.3277,27.4277,116.3579,0.0,0.0,32.791,0.0,48.0035,0.0,16.85040283203125,0.0,30.551618576049805,0.0,99.7683,1.0,0.0,0.0,1.0,0.0,1.0,0.0,1.0,0.0,1.0,0.0,1.0
393,3.6939,0.6068,4.6853,2.8195,4.5,5.5,3.6324,2.9903,23.8024,25.3469,91.1533,25.4034,86.6451,25.92647933959961,109.81554412841797,25.769649505615234,72.2413101196289,28.3579,27.4579,116.4353,0.0,0.0,32.7548,0.0,47.96,0.0,16.875446319580078,0.0,30.55611228942871,0.0,99.14299999999999,1.0,0.0,0.0,1.0,0.0,1.0,0.0,1.0,0.0,1.0,0.0,1.0
394,3.6059,0.6557,4.8169,2.9697,4.5,5.5,3.8931,2.9903,23.7247,25.3882,91.5901,25.4436,86.9636,25.961748123168945,109.90010833740234,25.79838752746582,72.27349090576172,28.3876,27.4876,116.5707,0.0,0.0,32.5046,0.0,47.8069,0.0,16.798593521118164,0.0,30.54281997680664,0.0,98.2759,1.0,0.0,0.0,1.0,0.0,1.0,0.0,1.0,0.0,1.0,0.0,1.0
395,3.5181,0.7033,4.9510000000000005,3.128,4.5,5.5,4.1539,2.9903,23.6805,25.4223,91.6835,25.4776,87.0837,25.950347900390625,109.87305450439453,25.78913688659668,72.26331329345703,28.4162,27.5162,116.6478,0.0,0.0,32.467,0.0,47.7593,0.0,16.8230037689209,0.0,30.547237396240234,0.0,97.65700000000001,1.0,0.0,0.0,1.0,0.0,1.0,0.0,1.0,0.0,1.0,0.0,1.0
396,3.4312,0.7496,5.0847,3.2858,4.5,5.5,4.4131,2.9903,23.6365,25.4554,91.7763,25.5106,87.2032,25.939050674438477,109.84620666503906,25.77996253967285,72.25322723388672,28.44400000000001,27.544,116.7245,0.0,0.0,32.429,0.0,47.7119,0.0,16.847209930419922,0.0,30.551597595214844,0.0,97.04299999999999,1.0,0.0,0.0,1.0,0.0,1.0,0.0,1.0,0.0,1.0,0.0,1.0
397,3.3452,0.7945,5.2183,3.4432,4.5,5.5,4.6708,2.9902,23.5927,25.4877,91.8687,25.5427,87.3224,25.92793083190918,109.8197021484375,25.770917892456055,72.24330139160156,28.471,27.570999999999998,116.8008,0.0,0.0,32.3907,0.0,47.6638,0.0,16.871068954467773,0.0,30.555877685546875,0.0,96.4338,1.0,0.0,0.0,1.0,0.0,1.0,0.0,1.0,0.0,1.0,0.0,1.0
398,3.2775,0.8889,5.3541,3.4004,4.5,5.4742,4.7016,2.9905,24.7006,29.8419,77.0545,29.8419,67.1013,30.194454193115234,113.37123107910156,30.23531723022461,58.41318130493164,32.1648,31.2648,114.8651,0.0,0.0,0.0,0.0,0.0,0.0,17.22677993774414,0.0,0.0,0.0,76.4099,1.0,0.0,0.0,0.0,0.0,0.0,0.0,1.0,0.0,0.0,0.0,1.0
399,3.2514,1.0917,5.3113,3.1537,4.5,5.4162,4.4278,2.9905,24.6928,29.9472,77.0117,29.9472,66.8546,30.194547653198242,113.3712387084961,30.235427856445312,58.41305160522461,32.2643,31.3643,114.8788,0.0,0.0,0.0,0.0,0.0,0.0,17.22673797607422,0.0,0.0,0.0,75.3867,1.0,0.0,0.0,0.0,0.0,0.0,0.0,1.0,0.0,0.0,0.0,1.0
400,3.2268,1.2911,5.2685,2.9069,4.5,5.3557,4.1573,2.9905,24.6857,30.0511,76.9688,30.0511,66.6079,30.194650650024414,113.37126159667969,30.235563278198242,58.412899017333984,32.3626,31.4626,114.8913,0.0,0.0,0.0,0.0,0.0,0.0,17.226688385009766,0.0,0.0,0.0,74.3725,1.0,0.0,0.0,0.0,0.0,0.0,0.0,1.0,0.0,0.0,0.0,1.0
401,3.2031,1.4884,5.2257,2.6602,4.5,5.2938,3.8889,2.9905,24.6789,30.1541,76.926,30.1541,66.3611,30.194761276245117,113.37128448486328,30.235700607299805,58.4127311706543,32.4601,31.5601,114.9031,0.0,0.0,0.0,0.0,0.0,0.0,17.226638793945312,0.0,0.0,0.0,73.3589,1.0,0.0,0.0,0.0,0.0,0.0,0.0,1.0,0.0,0.0,0.0,1.0
402,3.1806,1.6831,5.1828,2.4134,4.5,5.23,3.6229,2.9906,24.9054,30.331,76.3005,30.331,66.3968,30.172414779663086,113.35749816894531,30.199527740478516,58.458343505859375,32.635999999999996,31.736,114.5061,0.0,0.0,0.0,0.0,0.0,0.0,17.237632751464844,0.0,0.0,0.0,73.167,1.0,0.0,0.0,0.0,0.0,0.0,0.0,1.0,0.0,0.0,0.0,1.0
403,3.1685,1.8773,5.1298,2.1768,4.5,5.167999999999998,3.3810000000000002,2.9906,24.9056,30.4356,76.2475,30.4356,66.1601,30.17264175415039,113.35759735107422,30.199861526489258,58.45792770385742,32.7353,31.8353,114.5057,0.0,0.0,0.0,0.0,0.0,0.0,17.237524032592773,0.0,0.0,0.0,72.1916,1.0,0.0,0.0,0.0,0.0,0.0,0.0,1.0,0.0,0.0,0.0,1.0
404,3.1577,2.0684,5.0768,1.9401,4.5,5.104,3.1418,2.9905,24.6949,28.0708,76.1945,28.0317,87.2555,30.168663024902344,113.3550796508789,30.193387985229492,58.46625518798828,30.6474,29.7474,114.8752,0.0,0.0,0.0,0.0,49.0456,0.0,17.23946762084961,0.0,0.0,0.0,88.8444,1.0,0.0,0.0,0.0,0.0,1.0,0.0,1.0,0.0,0.0,0.0,1.0
405,3.1277,2.174,5.0238,2.1182,4.5,5.0388,2.9043,2.9905,24.6801,28.1409,76.1414,28.1019,87.4006,30.168581008911133,113.35498809814453,30.193220138549805,58.46648025512695,30.7129,29.8129,114.9011,0.0,0.0,0.0,0.0,49.0061,0.0,17.239513397216797,0.0,0.0,0.0,88.15,1.0,0.0,0.0,0.0,0.0,1.0,0.0,1.0,0.0,0.0,0.0,1.0
406,3.0985,2.2779,4.9707,2.296,4.5,4.9719999999999995,2.6689,2.9905,24.436999999999998,28.1683,77.4253,28.1298,88.1675,30.18153190612793,113.36264038085938,30.213878631591797,58.44021224975586,30.7257,29.8257,115.3268,0.0,0.0,0.0,0.0,48.6124,0.0,17.233278274536133,0.0,0.0,0.0,86.2719,1.0,0.0,0.0,0.0,0.0,1.0,0.0,1.0,0.0,0.0,0.0,1.0
407,3.0622,2.3774,4.9456,2.4969,4.5,4.8814,2.2979,2.9903,23.8646,28.046999999999997,77.4003,28.0087,88.2671,26.378395080566406,110.84964752197266,26.128049850463867,72.6436996459961,30.5757,29.6757,116.3267,0.0,0.0,0.0,0.0,48.4937,0.0,15.922439575195312,0.0,30.371231079101562,0.0,81.7015,1.0,0.0,0.0,0.0,0.0,1.0,0.0,1.0,0.0,1.0,0.0,1.0
408,2.995,2.4655,4.9206,2.6968,4.5,4.9510000000000005,2.424,2.9903,23.8331,28.1018,77.3752,28.0636,88.4214,26.368003845214844,110.82695770263672,26.11998176574707,72.63467407226562,30.6255,29.7255,116.3818,0.0,0.0,0.0,0.0,48.4403,0.0,15.943730354309082,0.0,30.375843048095703,0.0,80.9258,1.0,0.0,0.0,0.0,0.0,1.0,0.0,1.0,0.0,1.0,0.0,1.0
409,2.9288,2.5517,4.8955,2.8963,4.5,5.0207,2.5491,2.9903,23.8018,28.1556,77.3501,28.1174,88.5751,26.357620239257812,110.8042221069336,26.111906051635742,72.62564849853516,30.6743,29.7743,116.4363,0.0,0.0,0.0,0.0,48.3865,0.0,15.965039253234863,0.0,30.38043785095215,0.0,80.1556,1.0,0.0,0.0,0.0,0.0,1.0,0.0,1.0,0.0,1.0,0.0,1.0
410,2.8636,2.636,4.8704,3.0954,4.5,5.0905,2.6733,2.9901,23.1837,28.0223,75.9674,27.9826,86.5403,25.78530502319336,109.46993255615234,25.651962280273438,72.11231231689453,30.525,29.625,117.5124,0.0,0.0,0.0,0.0,49.3957,0.0,17.187774658203125,0.0,30.607948303222656,0.0,76.1818,1.0,0.0,0.0,0.0,0.0,1.0,0.0,1.0,0.0,1.0,0.0,1.0
411,2.7837,2.7071,4.817,3.2060000000000004,4.5,5.1576,2.7852,2.9901,23.1457,28.0646,75.9141,28.025,86.6314,25.769865036010742,109.43195343017578,25.639127731323242,72.09838104248047,30.5628,29.6628,117.5784,0.0,0.0,0.0,0.0,49.3703,0.0,17.221548080444336,0.0,30.613628387451172,0.0,75.4101,1.0,0.0,0.0,0.0,0.0,1.0,0.0,1.0,0.0,1.0,0.0,1.0
412,2.7049,2.7762,4.7637,3.3164,4.5,5.2247,2.8962,2.9901,23.108,28.1059,75.8607,28.0663,86.72200000000002,25.754547119140625,109.39414978027344,25.62636947631836,72.08454132080078,30.5997,29.6997,117.6439,0.0,0.0,0.0,0.0,49.3445,0.0,17.25510597229004,0.0,30.619247436523438,0.0,74.6445,1.0,0.0,0.0,0.0,0.0,1.0,0.0,1.0,0.0,1.0,0.0,1.0
413,2.6271,2.8432,4.7103,3.4266,4.5,5.292000000000002,3.0062,2.9901,23.0707,28.1461,75.8074,28.1066,86.8122,25.739391326904297,109.35665893554688,25.61372184753418,72.07085418701172,30.6355,29.7355,117.7088,0.0,0.0,0.0,0.0,49.3183,0.0,17.288349151611328,0.0,30.624784469604492,0.0,73.8857,1.0,0.0,0.0,0.0,0.0,1.0,0.0,1.0,0.0,1.0,0.0,1.0
414,2.5559,2.9386,4.657,3.398,4.5,5.3594,3.1159,2.9902,23.3419,30.2761,74.8658,30.2761,66.339,23.14257049560547,101.4583740234375,23.115869522094727,69.71788787841797,32.5038,31.6038,117.2373,0.0,0.0,0.0,0.0,0.0,0.0,23.310161590576172,0.0,31.412307739257812,0.0,57.5364,1.0,0.0,0.0,0.0,0.0,0.0,0.0,1.0,0.0,1.0,0.0,1.0
415,2.4897,3.0913,4.5907,3.1257,4.5,5.4579,3.3831,2.9902,23.3214,30.3482,74.7996,30.3482,66.0667,23.142621994018555,101.45862579345703,23.116004943847656,69.718017578125,32.5712,31.6712,117.2729,0.0,0.0,0.0,0.0,0.0,0.0,23.30986213684082,0.0,31.412294387817383,0.0,56.4577,1.0,0.0,0.0,0.0,0.0,0.0,0.0,1.0,0.0,1.0,0.0,1.0
416,2.4262,3.2407,4.5245,2.8534,4.5,5.5,3.7045,2.9902,23.3338,30.4364,74.7333,30.4364,65.7944,23.62751007080078,103.14287567138672,23.629745483398438,70.16067504882812,32.6557,31.7557,117.2514,0.0,0.0,0.0,0.0,0.0,0.0,22.165943145751953,0.0,31.279842376708984,0.0,55.6242,1.0,0.0,0.0,0.0,0.0,0.0,0.0,1.0,0.0,1.0,0.0,1.0
417,2.3644,3.3883,4.4582,2.5811,4.5,5.5,4.0663,2.9902,23.3155,30.506999999999998,74.6671,30.506999999999998,65.5221,23.636505126953125,103.17333984375,23.63916015625,70.16890716552734,32.7218,31.8218,117.2833,0.0,0.0,0.0,0.0,0.0,0.0,22.144542694091797,0.0,31.277347564697266,0.0,54.5624,1.0,0.0,0.0,0.0,0.0,0.0,0.0,1.0,0.0,1.0,0.0,1.0
418,2.3039,3.5331,4.3919999999999995,2.3088,4.5,5.5,4.4263,2.9903,23.7809,30.5182,74.8109,30.5174,64.1532,22.92765235900879,100.6858901977539,22.884624481201172,69.52027893066406,32.7529,31.8529,116.4727,0.0,0.0,0.0,0.0,0.0,5.6583,23.811662673950195,0.0,31.469493865966797,0.0,58.3818,1.0,0.0,0.0,0.0,0.0,0.0,1.0,1.0,0.0,1.0,0.0,1.0
419,2.2565,3.6684,4.3286,2.0028,4.5,5.5,4.6463,2.9902,23.445999999999998,28.7918,74.7475,28.7503,84.7764,22.799015045166016,100.21589660644531,22.744213104248047,69.40126037597656,31.2706,30.3706,117.0561,0.0,0.0,0.0,0.0,50.6917,0.0,24.111003875732422,0.0,31.50345230102539,0.0,70.1337,1.0,0.0,0.0,0.0,0.0,1.0,0.0,1.0,0.0,1.0,0.0,1.0
420,2.1969,3.7197,4.2652,2.0578,4.5,5.5,4.8635,2.9903,23.846999999999998,28.9397,74.6841,28.8981,84.85600000000002,29.952579498291016,113.20219421386719,29.831451416015625,58.990840911865234,31.4351,30.5351,116.3575,0.0,0.0,0.0,0.0,50.7258,0.0,17.320524215698242,0.0,0.0,0.0,73.2097,1.0,0.0,0.0,0.0,0.0,1.0,0.0,1.0,0.0,0.0,0.0,1.0
421,2.1672,3.7793,4.2018,2.1131,4.5,5.4292,4.5164,2.9903,23.8315,28.980999999999998,74.6207,28.9394,84.9076,29.952465057373047,113.20203399658203,29.83121681213379,58.99124526977539,31.4734,30.5734,116.3846,0.0,0.0,0.0,0.0,50.7207,0.0,17.320558547973633,0.0,0.0,0.0,72.6559,1.0,0.0,0.0,0.0,0.0,1.0,0.0,1.0,0.0,0.0,0.0,1.0
422,2.1382,3.8376,4.1384,2.1684,4.5,5.3563,4.1722,2.9901,23.1813,28.8976,72.4541,28.8554,84.0295,30.002910614013672,113.23949432373047,29.917110443115234,58.85724639892578,31.3705,30.4705,117.5166,0.0,0.0,0.0,0.0,51.1161,0.0,17.305957794189453,0.0,0.0,0.0,68.4353,1.0,0.0,0.0,0.0,0.0,1.0,0.0,1.0,0.0,0.0,0.0,1.0
423,2.0885,3.8835,4.0501,2.1621,4.5,5.26,3.7173,2.9901,23.1538,28.9272,72.3658,28.8849,84.03200000000002,30.002466201782227,113.23907470703125,29.916297912597656,58.858516693115234,31.397,30.497,117.5643,0.0,0.0,0.0,0.0,51.1295,0.0,17.306102752685547,0.0,0.0,0.0,67.8367,1.0,0.0,0.0,0.0,0.0,1.0,0.0,1.0,0.0,0.0,0.0,1.0
424,2.0395,3.9279,3.9618,2.156,4.5,5.1615,3.2654,2.9901,23.1267,28.9558,72.2775,28.9136,84.0343,30.002037048339844,113.23866271972656,29.915510177612305,58.859745025634766,31.4228,30.5228,117.6115,0.0,0.0,0.0,0.0,51.1426,0.0,17.306243896484375,0.0,0.0,0.0,67.2464,1.0,0.0,0.0,0.0,0.0,1.0,0.0,1.0,0.0,0.0,0.0,1.0
425,1.9913,3.9706,3.8734,2.15,4.5,5.061,2.8163,2.9901,23.0999,28.9836,72.1891,28.9413,84.0366,30.00162124633789,113.23826599121094,29.914749145507812,58.86093521118164,31.4477,30.5477,117.6581,0.0,0.0,0.0,0.0,51.1552,0.0,17.306381225585938,0.0,0.0,0.0,66.6645,1.0,0.0,0.0,0.0,0.0,1.0,0.0,1.0,0.0,0.0,0.0,1.0
426,1.9356,4.0071,3.7851,2.144,4.5,5.0031,2.5135,2.9899,22.2099,28.8595,70.7664,28.8173,84.1015,22.151966094970703,97.7706069946289,22.017969131469727,68.7851791381836,31.2813,30.3813,119.2007,0.0,0.0,0.0,0.0,51.0617,0.0,25.607070922851562,0.0,31.670726776123047,0.0,57.8767,1.0,0.0,0.0,0.0,0.0,1.0,0.0,1.0,0.0,1.0,0.0,1.0
427,1.8529,4.0248,3.6837,2.1457,4.5,5.0285,2.4575,2.9899,22.1665,28.8693,70.665,28.8272,84.1052,22.130661010742188,97.6880874633789,21.99371910095215,68.76444244384766,31.2882,30.3882,119.2757,0.0,0.0,0.0,0.0,51.0647,0.0,25.65560531616211,0.0,31.676124572753906,0.0,57.2054,1.0,0.0,0.0,0.0,0.0,1.0,0.0,1.0,0.0,1.0,0.0,1.0
428,1.7709,4.0411,3.5823,2.1474,4.5,5.0533,2.4022,2.9898,22.1235,28.8785,70.5636,28.8363,84.1088,22.1096134185791,97.60643768310547,21.969736099243164,68.74393463134766,31.2944,30.3944,119.3501,0.0,0.0,0.0,0.0,51.0674,0.0,25.703519821166992,0.0,31.681455612182617,0.0,56.5392,1.0,0.0,0.0,0.0,0.0,1.0,0.0,1.0,0.0,1.0,0.0,1.0
429,1.6899,4.0556,3.4810000000000003,2.1492,4.5,5.0774,2.3477,2.9898,22.0807,28.8866,70.4622,28.8445,84.1121,22.088855743408203,97.52580261230469,21.946054458618164,68.72366333007812,31.2997,30.3997,119.42399999999999,0.0,0.0,0.0,0.0,51.0698,0.0,25.750734329223633,0.0,31.686704635620117,0.0,55.8815,1.0,0.0,0.0,0.0,0.0,1.0,0.0,1.0,0.0,1.0,0.0,1.0
430,1.6096,4.0684,3.3796,2.151,4.5,5.1007,2.2941,2.9898,22.1369,28.9013,69.2863,28.8592,84.1522,21.893617630004883,96.76184844970703,21.722105026245117,68.5307388305664,31.3151,30.4151,119.3268,0.0,0.0,0.0,0.0,51.0573,0.0,26.193260192871094,0.0,31.735782623291016,0.0,56.0684,1.0,0.0,0.0,0.0,0.0,1.0,0.0,1.0,0.0,1.0,0.0,1.0
431,1.5324,4.0817,3.2686,2.1555,4.5,5.1324,2.2742,2.9898,22.0959,28.909000000000002,69.1754,28.8668,84.1575,21.876258850097656,96.6934814453125,21.70209312438965,68.51344299316406,31.32,30.42,119.3977,0.0,0.0,0.0,0.0,51.0584,0.0,26.232379913330078,0.0,31.74012565612793,0.0,55.4342,1.0,0.0,0.0,0.0,0.0,1.0,0.0,1.0,0.0,1.0,0.0,1.0
432,1.4559,4.0933,3.1577,2.1601,4.5,5.1636,2.2547,2.9898,22.0552,28.9156,69.0645,28.8735,84.1626,21.859107971191406,96.6258773803711,21.682302474975586,68.496337890625,31.3241,30.4241,119.4681,0.0,0.0,0.0,0.0,51.0592,0.0,26.271007537841797,0.0,31.744415283203125,0.0,54.8087,1.0,0.0,0.0,0.0,0.0,1.0,0.0,1.0,0.0,1.0,0.0,1.0
433,1.3803,4.1033,3.0468,2.1647,4.5,5.1943,2.2356,2.9898,22.0147,28.9214,68.9535,28.8793,84.1674,21.8421688079834,96.55903625488281,21.66274070739746,68.47940826416016,31.3272,30.4272,119.538,0.0,0.0,0.0,0.0,51.0597,0.0,26.309125900268555,0.0,31.748647689819336,0.0,54.1918,1.0,0.0,0.0,0.0,0.0,1.0,0.0,1.0,0.0,1.0,0.0,1.0
434,1.3057,4.1112,2.9358,2.1692,4.5,5.2244,2.217,2.9897,21.4754,27.7852,88.0302,27.8568,84.8479,21.748266220092773,96.1874771118164,21.554256439208984,68.38533782958984,30.6278,29.7278,120.4684,0.0,0.0,36.0633,0.0,50.2039,0.0,26.519344329833984,0.0,31.772045135498047,0.0,56.1465,1.0,0.0,0.0,1.0,0.0,1.0,0.0,1.0,0.0,1.0,0.0,1.0
435,1.2184,4.0312,3.0533,2.2317,4.5,5.2652,2.2437,2.9896,21.408,27.7107,88.0782,27.7819,84.8734,21.724933624267578,96.09481048583984,21.52716827392578,68.36174774169922,30.5514,29.6514,120.5846,0.0,0.0,35.9941,0.0,50.1528,0.0,26.57156753540039,0.0,31.777841567993164,0.0,56.1099,1.0,0.0,0.0,1.0,0.0,1.0,0.0,1.0,0.0,1.0,0.0,1.0
436,1.1314,3.9515,3.1704,2.2937,4.5,5.3058,2.2703,2.9896,21.3407,27.6363,88.126,27.7072,84.8986,21.70191764831543,96.00328063964844,21.50042152404785,68.33841705322266,30.4751,29.5751,120.7004,0.0,0.0,35.925,0.0,50.1017,0.0,26.62302589416504,0.0,31.783557891845703,0.0,56.0732,1.0,0.0,0.0,1.0,0.0,1.0,0.0,1.0,0.0,1.0,0.0,1.0
437,1.0445,3.872,3.2871,2.3553,4.5,5.3461,2.2966,2.9896,21.2736,27.561999999999998,88.1737,27.6326,84.9236,21.6791934967041,95.91281127929688,21.473981857299805,68.31532287597656,30.399,29.499000000000002,120.8159,0.0,0.0,35.8559,0.0,50.0508,0.0,26.673770904541016,0.0,31.789194107055664,0.0,56.0363,1.0,0.0,0.0,1.0,0.0,1.0,0.0,1.0,0.0,1.0,0.0,1.0
438,0.9579,3.7928,3.4032,2.4163,4.5,5.386,2.3225,2.9742,33.7019,27.9991,88.1012,28.0711,85.0738,22.305471420288086,98.36168670654297,22.192148208618164,68.93363952636719,30.9216,30.0216,98.6365,98.6561,0.0,36.1437,0.0,50.198,0.0,25.255760192871094,0.0,31.631620407104492,0.0,72.2999,1.0,1.0,0.0,1.0,0.0,1.0,0.0,1.0,0.0,1.0,0.0,1.0
